2 100 62 148 0 10014
1 100 31 9 0 10014
2 101 62 148 0 10114
1 101 31 9 0 10114
2 102 62 148 0 10214
1 102 31 9 0 10214
2 103 62 148 0 10314
1 103 31 9 0 10315
2 104 62 148 0 10414
1 104 31 9 0 10414
2 105 62 148 0 10514
1 105 31 9 0 10516
2 106 62 148 0 10614
1 106 31 9 0 10615
2 107 62 148 0 10714
1 107 31 9 0 10714
2 108 62 148 0 10814
1 108 31 9 0 10815
1 109 31 9 0 10914
2 110 62 148 0 11014
1 110 31 9 0 11014
2 109 62 148 0 10914
2 111 62 148 0 11114
1 111 31 9 0 11114
2 112 62 148 0 11214
1 112 31 9 0 11214
2 113 62 148 0 11314
1 113 31 9 0 11314
2 114 62 148 0 11414
1 114 31 9 0 11414
2 115 62 148 0 11514
1 115 31 9 0 11514
2 116 62 148 0 11614
1 116 31 9 0 11614
2 117 62 148 0 11714
1 117 31 9 0 11716
2 118 62 148 0 11814
1 118 31 9 0 11816
2 119 62 148 0 11914
1 119 31 9 0 11914
2 120 62 148 0 12014
1 120 31 9 0 12017
2 121 62 148 0 12114
1 121 31 9 0 12116
2 122 62 148 0 12214
1 122 31 9 0 12214
2 123 62 148 0 12314
1 123 31 9 0 12316
2 124 62 148 0 12414
1 124 31 9 0 12414
2 125 62 148 0 12514
1 125 31 9 0 12514
2 126 62 148 0 12614
1 126 31 9 0 12616
2 127 62 148 0 12714
1 127 31 9 0 12716
2 128 62 148 0 12814
1 128 31 9 0 12814
2 129 62 148 0 12914
1 129 31 9 0 12914
2 130 62 148 0 13014
1 130 31 9 0 13014
2 131 62 148 0 13114
1 131 31 9 0 13114
2 132 62 148 0 13214
1 132 31 9 0 13214
2 133 62 148 0 13314
1 133 31 9 0 13314
2 134 62 148 0 13414
1 134 31 9 0 13415
2 135 62 148 0 13514
1 135 31 9 0 13515
2 136 62 148 0 13616
1 136 31 9 0 13614
2 137 62 148 0 13714
1 137 31 9 0 13715
2 138 62 148 0 13814
1 138 31 9 0 13814
2 139 62 148 0 13914
1 139 31 9 0 13915
2 140 62 148 0 14014
1 140 31 9 0 14014
2 141 62 148 0 14114
1 141 31 9 0 14114
2 142 62 148 0 14214
1 142 31 9 0 14215
2 143 62 148 0 14314
1 143 31 9 0 14314
2 144 62 148 0 14414
1 144 31 9 0 14414
2 145 62 148 0 14514
1 145 31 9 0 14514
2 146 62 148 0 14614
1 146 31 9 0 14614
2 147 62 148 0 14714
1 147 31 9 0 14714
2 148 62 148 0 14814
1 148 31 9 0 14814
2 149 62 148 0 14914
1 149 31 9 0 14914
2 150 62 148 0 15014
1 150 31 9 0 15016
2 151 62 148 0 15114
1 151 31 9 0 15116
2 152 62 148 0 15214
1 152 31 9 0 15215
2 153 62 148 0 15314
1 153 31 9 0 15316
2 154 62 148 0 15414
1 154 31 9 0 15414
2 155 62 148 0 15514
1 155 31 9 0 15514
1 156 31 9 0 15614
2 157 62 148 0 15714
1 157 31 9 0 15715
2 156 62 148 0 15614
2 158 62 148 0 15814
1 158 31 9 0 15814
2 159 62 148 0 15914
1 159 31 9 0 15915
1 160 31 9 0 16014
2 161 62 148 0 16114
1 161 31 9 0 16114
2 160 62 148 0 16014
2 162 62 148 0 16214
1 162 31 9 0 16215
2 163 62 148 0 16314
1 163 31 9 0 16314
2 164 62 148 0 16414
1 164 31 9 0 16414
2 165 62 148 0 16514
1 165 31 9 0 16515
2 166 62 148 0 16614
1 166 31 9 0 16614
2 167 62 148 0 16714
1 167 31 9 0 16714
2 168 62 148 0 16814
1 168 31 9 0 16814
2 169 62 148 0 16914
1 169 31 9 0 16914
2 170 62 148 0 17014
1 170 31 9 0 17015
2 171 62 148 0 17114
1 171 31 9 0 17114
2 172 62 148 0 17214
1 172 31 9 0 17214
2 173 62 148 0 17316
1 173 31 9 0 17315
2 174 62 148 0 17414
1 174 31 9 0 17414
2 175 62 148 0 17514
1 175 31 9 0 17514
2 176 62 148 0 17614
1 176 31 9 0 17614
2 177 62 148 0 17714
1 177 31 9 0 17714
2 178 62 148 0 17814
1 178 31 9 0 17814
2 179 62 148 0 17914
1 179 31 9 0 17914
2 180 62 148 0 18014
2 181 62 148 0 18116
1 181 31 9 0 18114
1 180 31 9 0 18014
2 182 62 148 0 18214
1 182 31 9 0 18216
2 183 62 148 0 18314
1 183 31 9 0 18314
2 184 62 148 0 18414
1 184 31 9 0 18414
2 185 62 148 0 18514
1 185 31 9 0 18514
2 186 62 148 0 18614
1 186 31 9 0 18615
2 187 62 148 0 18714
1 187 31 9 0 18714
2 188 62 148 0 18814
1 188 31 9 0 18814
2 189 62 148 0 18915
1 189 31 9 0 18914
2 190 62 148 0 19014
1 190 31 9 0 19014
2 191 62 148 0 19114
1 191 31 9 0 19115
2 192 62 148 0 19214
1 192 31 9 0 19214
2 193 62 148 0 19314
1 193 31 9 0 19314
2 194 62 148 0 19414
1 194 31 9 0 19416
2 195 62 148 0 19514
1 195 31 9 0 19514
2 196 62 148 0 19614
1 196 31 9 0 19614
2 197 62 148 0 19715
1 197 31 9 0 19714
2 198 62 148 0 19814
1 198 31 9 0 19814
1 199 31 9 0 19914
2 200 62 148 0 20014
1 200 31 9 0 20014
2 199 62 148 0 19914
2 201 62 148 0 20114
1 201 31 9 0 20114
2 202 62 148 0 20214
1 202 31 9 0 20215
2 203 62 148 0 20314
1 203 31 9 0 20314
2 204 62 148 0 20414
1 204 31 9 0 20415
2 205 62 148 0 20514
1 205 31 9 0 20514
2 206 62 148 0 20614
1 206 31 9 0 20614
2 207 62 148 0 20714
1 207 31 9 0 20714
2 208 62 148 0 20814
1 208 31 9 0 20814
2 209 62 148 0 20914
1 209 31 9 0 20914
2 210 62 148 0 21014
1 210 31 9 0 21014
2 211 62 148 0 21114
1 211 31 9 0 21114
2 212 62 148 0 21214
1 212 31 9 0 21214
2 213 62 148 0 21314
1 213 31 9 0 21314
2 214 62 148 0 21414
1 214 31 9 0 21414
2 215 62 148 0 21514
1 215 31 9 0 21514
2 216 62 148 0 21614
1 216 31 9 0 21614
2 217 62 148 0 21714
1 217 31 9 0 21714
2 218 62 148 0 21814
1 218 31 9 0 21816
2 219 62 148 0 21914
1 219 31 9 0 21914
2 220 62 148 0 22014
1 220 31 9 0 22014
2 221 62 148 0 22114
1 221 31 9 0 22115
2 222 62 148 0 22214
1 222 31 9 0 22214
2 223 62 148 0 22314
1 223 31 9 0 22314
2 224 62 148 0 22414
1 224 31 9 0 22414
2 225 62 148 0 22514
1 225 31 9 0 22515
2 226 62 148 0 22616
1 226 31 9 0 22614
2 227 62 148 0 22714
1 227 31 9 0 22716
2 228 62 148 0 22814
1 228 31 9 0 22814
2 229 62 148 0 22914
1 229 31 9 0 22914
2 230 62 148 0 23014
1 230 31 9 0 23014
2 231 62 148 0 23114
1 231 31 9 0 23114
2 232 62 148 0 23214
1 232 31 9 0 23214
2 233 62 148 0 23314
1 233 31 9 0 23314
2 234 62 148 0 23415
1 234 31 9 0 23414
2 235 62 148 0 23514
1 235 31 9 0 23514
2 236 62 148 0 23614
1 236 31 9 0 23614
2 237 62 148 0 23714
1 237 31 9 0 23714
2 238 62 148 0 23814
1 238 31 9 0 23814
2 239 62 148 0 23914
1 239 31 9 0 23914
2 240 62 148 0 24014
1 240 31 9 0 24014
2 241 62 148 0 24114
1 241 31 9 0 24114
2 242 62 148 0 24214
1 242 31 9 0 24214
2 243 62 148 0 24314
1 243 31 9 0 24314
2 244 62 148 0 24414
1 244 31 9 0 24414
2 245 62 148 0 24514
1 245 31 9 0 24514
2 246 62 148 0 24614
1 246 31 9 0 24614
2 247 62 148 0 24716
1 247 31 9 0 24715
2 248 62 148 0 24814
1 248 31 9 0 24814
2 249 62 148 0 24914
1 249 31 9 0 24915
2 250 62 148 0 25014
1 250 31 9 0 25014
2 251 62 148 0 25114
1 251 31 9 0 25114
2 252 62 148 0 25214
1 252 31 9 0 25214
2 253 62 148 0 25314
1 253 31 9 0 25314
2 254 62 148 0 25414
1 254 31 9 0 25414
2 255 62 148 0 25516
1 255 31 9 0 25517
2 256 62 148 0 25614
1 256 31 9 0 25614
2 257 62 148 0 25714
1 257 31 9 0 25714
2 258 62 148 0 25814
1 258 31 9 0 25816
2 259 62 148 0 25914
1 259 31 9 0 25915
2 260 62 148 0 26014
1 260 31 9 0 26015
2 261 62 148 0 26114
1 261 31 9 0 26114
1 262 31 9 0 26214
2 263 62 148 0 26314
1 263 31 9 0 26316
2 262 62 148 0 26214
2 264 62 148 0 26414
1 264 31 9 0 26414
2 265 62 148 0 26514
1 265 31 9 0 26517
2 266 62 148 0 26614
1 266 31 9 0 26614
2 267 62 148 0 26714
1 267 31 9 0 26714
2 268 62 148 1 26814
1 268 31 9 0 26816
2 269 62 148 0 26914
1 269 31 9 0 26914
2 270 62 148 0 27014
1 270 31 9 0 27016
2 271 62 148 0 27114
1 271 31 9 0 27114
2 272 62 148 0 27214
1 272 31 9 0 27214
2 273 62 148 0 27314
1 273 31 9 0 27314
2 274 62 148 0 27414
1 274 31 9 0 27416
2 275 62 148 0 27514
1 275 31 9 0 27514
2 276 62 148 0 27614
1 276 31 9 0 27614
2 277 62 148 0 27714
1 277 31 9 0 27714
2 278 62 148 0 27814
1 278 31 9 0 27815
2 279 62 148 0 27914
1 279 31 9 0 27914
2 280 62 148 0 28014
1 280 31 9 0 28015
2 281 62 148 0 28114
1 281 31 9 0 28114
2 282 62 148 0 28214
1 282 31 9 0 28214
2 283 62 148 0 28314
1 283 31 9 0 28314
2 284 62 148 0 28417
1 284 31 9 0 28414
2 285 62 148 0 28514
1 285 31 9 0 28514
2 286 62 148 0 28614
1 286 31 9 0 28614
2 287 62 148 0 28714
1 287 31 9 0 28714
2 288 62 148 0 28814
1 288 31 9 0 28814
2 289 62 148 0 28914
1 289 31 9 0 28914
2 290 62 148 0 29014
1 290 31 9 0 29014
2 291 62 148 0 29114
1 291 31 9 0 29115
2 292 62 148 0 29215
1 292 31 9 0 29217
2 293 62 148 0 29314
1 293 31 9 0 29315
2 294 62 148 0 29414
1 294 31 9 0 29414
2 295 62 148 0 29514
1 295 31 9 0 29514
2 296 62 148 0 29614
1 296 31 9 0 29614
2 297 62 148 0 29714
1 297 31 9 0 29714
2 298 62 148 0 29814
1 298 31 9 0 29814
2 299 62 148 0 29914
1 299 31 9 0 29914
2 300 62 148 0 30014
1 300 31 9 0 30014
2 301 62 148 0 30114
1 301 31 9 0 30116
2 302 62 148 0 30214
1 302 31 9 0 30214
2 303 62 148 0 30314
1 303 31 9 0 30314
2 304 62 148 0 30414
1 304 31 9 0 30414
2 305 62 148 0 30514
1 305 31 9 0 30514
2 306 62 148 0 30614
1 306 31 9 0 30616
2 307 62 148 0 30714
1 307 31 9 0 30716
2 308 62 148 0 30814
1 308 31 9 0 30815
1 309 31 9 0 30914
2 310 62 148 0 31014
1 310 31 9 0 31018
2 309 62 148 0 30914
2 311 62 148 0 31114
1 311 31 9 0 31114
2 312 62 148 0 31214
1 312 31 9 0 31214
2 313 62 148 0 31314
1 313 31 9 0 31314
2 314 62 148 0 31414
1 314 31 9 0 31414
2 315 62 148 0 31514
1 315 31 9 0 31514
2 316 62 148 0 31614
1 316 31 9 0 31614
2 317 62 148 0 31714
1 317 31 9 0 31714
2 318 62 148 0 31814
1 318 31 9 0 31814
2 319 62 148 0 31914
1 319 31 9 0 31914
2 320 62 148 0 32014
1 320 31 9 0 32014
1 321 31 9 0 32115
2 321 62 148 0 32117
2 322 62 148 0 32214
1 322 31 9 0 32215
2 323 62 148 0 32314
1 323 31 9 0 32314
2 324 62 148 0 32414
1 324 31 9 0 32415
2 325 62 148 0 32514
1 325 31 9 0 32514
2 326 62 148 0 32614
1 326 31 9 0 32614
2 327 62 148 0 32714
1 327 31 9 0 32714
2 328 62 148 0 32814
1 328 31 9 0 32815
1 329 31 9 0 32917
2 330 62 148 0 33014
1 330 31 9 0 33014
2 329 62 148 0 32915
2 331 62 148 0 33114
1 331 31 9 0 33114
2 332 62 148 0 33214
1 332 31 9 0 33216
2 333 62 148 0 33314
1 333 31 9 0 33314
2 334 62 148 0 33414
1 334 31 9 0 33414
2 335 62 148 0 33514
1 335 31 9 0 33514
2 336 62 148 0 33614
1 336 31 9 0 33614
2 337 62 148 0 33715
1 337 31 9 0 33715
2 338 62 148 0 33814
1 338 31 9 0 33814
2 339 62 148 0 33914
1 339 31 9 0 33916
2 340 62 148 0 34014
1 340 31 9 0 34014
2 341 62 148 0 34114
1 341 31 8 0 34115
2 342 62 148 0 34214
1 342 31 8 0 34214
2 343 62 148 0 34314
1 343 31 8 0 34314
2 344 62 148 0 34414
1 344 31 9 0 34414
2 345 62 148 0 34514
1 345 31 9 0 34514
2 346 62 148 0 34614
1 346 31 9 0 34615
2 347 62 148 0 34714
1 347 31 9 0 34714
2 348 62 148 0 34814
1 348 31 9 0 34814
2 349 62 148 0 34914
1 349 31 9 0 34914
2 350 62 148 0 35014
1 350 31 9 0 35017
2 351 62 148 0 35114
1 351 31 9 0 35115
1 352 31 9 0 35214
2 353 62 148 0 35314
1 353 31 8 0 35314
2 352 62 148 0 35214
2 354 62 148 0 35414
1 354 31 8 0 35414
2 355 62 148 0 35514
1 355 31 8 0 35514
2 356 62 148 0 35614
1 356 31 9 0 35616
2 357 62 148 0 35714
1 357 31 9 0 35714
2 358 62 148 0 35814
1 358 31 9 0 35816
2 359 62 148 0 35914
1 359 31 9 0 35914
2 360 62 148 0 36014
1 360 31 9 0 36016
2 361 62 148 0 36114
1 361 31 9 0 36114
2 362 62 148 0 36214
1 362 31 8 0 36214
2 363 62 148 0 36314
1 363 31 8 0 36314
2 364 62 148 0 36414
1 364 31 8 0 36414
2 365 62 148 0 36514
1 365 31 8 0 36514
2 366 62 148 0 36616
1 366 31 8 0 36614
2 367 62 148 0 36714
1 367 31 8 0 36714
2 368 62 148 0 36814
1 368 31 9 0 36814
2 369 62 148 0 36914
1 369 31 9 0 36914
2 370 62 148 0 37014
1 370 31 9 0 37014
2 371 62 148 0 37114
1 371 31 9 0 37114
2 372 62 148 0 37214
1 372 31 9 0 37215
2 373 62 148 0 37314
1 373 31 9 0 37316
2 374 62 148 0 37416
1 374 31 9 0 37414
2 375 62 148 0 37514
1 375 31 9 0 37514
2 376 62 148 0 37614
1 376 31 9 0 37615
2 377 62 148 0 37714
1 377 31 8 0 37714
2 378 62 148 0 37814
1 378 31 8 0 37816
2 379 62 148 0 37914
1 379 31 8 0 37914
2 380 62 148 0 38014
1 380 31 8 0 38014
2 381 62 148 0 38114
1 381 31 8 0 38114
2 382 62 148 0 38214
1 382 31 8 0 38214
2 383 62 148 0 38314
1 383 31 8 0 38314
2 384 62 148 0 38414
1 384 31 8 0 38414
2 385 62 148 0 38514
1 385 31 8 0 38514
2 386 62 148 0 38614
1 386 31 8 0 38614
2 387 62 148 0 38714
1 387 31 8 0 38714
2 388 62 148 0 38814
1 388 31 8 0 38814
2 389 62 148 0 38914
1 389 31 8 0 38916
2 390 62 148 0 39014
1 390 31 8 0 39014
2 391 62 148 0 39114
1 391 31 8 0 39114
2 392 62 148 0 39214
1 392 31 8 0 39214
2 393 62 148 0 39314
1 393 31 8 0 39314
2 394 62 148 0 39414
1 394 31 8 0 39414
2 395 62 148 0 39514
1 395 31 8 0 39514
2 396 62 148 0 39614
1 396 31 8 0 39614
2 397 62 148 0 39714
1 397 31 8 0 39715
2 398 62 148 0 39814
1 398 31 8 0 39814
2 399 62 148 0 39914
1 399 31 8 0 39914
2 400 62 148 0 40014
1 400 31 8 0 40014
2 401 62 148 0 40114
1 401 31 8 0 40114
2 402 62 148 0 40214
1 402 31 8 0 40216
2 403 62 148 0 40314
1 403 31 8 0 40314
2 404 62 148 0 40414
1 404 31 8 0 40414
2 405 62 148 0 40514
1 405 31 8 0 40514
2 406 62 148 0 40614
1 406 31 8 0 40616
2 407 62 148 0 40714
1 407 31 8 0 40716
2 408 62 148 0 40814
1 408 31 8 0 40815
2 409 62 148 0 40914
1 409 31 8 0 40914
2 410 62 148 0 41014
1 410 31 8 0 41014
1 411 31 8 0 41115
2 411 62 148 0 41114
2 412 62 148 0 41214
1 412 31 8 0 41214
2 413 62 148 0 41314
1 413 31 8 0 41314
2 414 62 148 0 41414
1 414 31 8 0 41414
2 415 62 148 0 41514
1 415 31 8 0 41514
2 416 62 148 0 41614
1 416 31 8 0 41614
2 417 62 148 0 41714
1 417 31 8 0 41714
2 418 62 148 0 41814
1 418 31 8 0 41814
2 419 62 148 0 41916
1 419 31 8 0 41914
2 420 62 148 0 42014
1 420 31 8 0 42014
2 421 62 148 0 42114
1 421 31 8 0 42116
2 422 62 148 0 42214
1 422 31 8 0 42214
2 423 62 148 0 42314
1 423 31 8 0 42314
2 424 62 148 0 42414
1 424 31 8 0 42416
2 425 62 148 0 42514
1 425 31 8 0 42514
2 426 62 148 0 42614
1 426 31 8 0 42614
2 427 62 148 0 42717
1 427 31 8 0 42717
2 428 62 148 0 42814
1 428 31 8 0 42814
2 429 62 148 0 42914
1 429 31 8 0 42914
2 430 62 148 0 43014
1 430 31 8 0 43014
2 431 62 148 0 43114
1 431 31 8 0 43114
2 432 62 148 0 43214
1 432 31 8 0 43214
2 433 62 148 0 43314
1 433 31 8 0 43314
2 434 62 148 0 43414
1 434 31 8 0 43414
2 435 62 148 0 43514
1 435 31 8 0 43516
2 436 62 148 0 43614
1 436 31 8 0 43614
2 437 62 148 0 43714
1 437 31 8 0 43714
2 438 62 148 0 43814
1 438 31 8 0 43816
2 439 62 148 0 43914
1 439 31 8 0 43914
2 440 62 148 0 44014
1 440 31 8 0 44014
2 441 62 148 0 44114
1 441 31 8 0 44115
2 442 62 148 0 44214
1 442 31 8 0 44216
2 443 62 148 0 44314
1 443 31 8 0 44314
2 444 62 148 0 44414
1 444 31 8 0 44414
2 445 62 148 0 44514
1 445 31 8 0 44514
2 446 62 148 0 44614
1 446 31 8 0 44614
2 447 62 148 0 44714
1 447 31 8 0 44714
2 448 62 148 0 44814
1 448 31 8 0 44816
2 449 62 148 0 44914
1 449 31 8 0 44914
2 450 62 148 0 45014
1 450 31 8 0 45014
2 451 62 148 0 45114
1 451 31 8 0 45114
2 452 62 148 0 45214
1 452 31 8 0 45216
2 453 62 148 0 45314
1 453 31 8 0 45314
2 454 62 148 0 45414
1 454 31 8 0 45416
2 455 62 148 0 45514
1 455 31 8 0 45514
2 456 62 148 0 45614
1 456 31 8 0 45614
2 457 62 148 0 45714
1 457 31 8 0 45714
1 458 31 8 0 45814
2 459 62 148 0 45914
1 459 31 8 0 45915
2 458 62 148 0 45814
2 460 62 148 0 46014
1 460 31 8 0 46014
2 461 62 148 0 46114
1 461 31 8 0 46114
1 462 31 8 0 46214
2 463 62 148 0 46314
1 463 31 8 0 46314
2 462 62 148 0 46214
2 464 62 148 0 46414
1 464 31 8 0 46416
2 465 62 148 0 46514
1 465 31 8 0 46514
2 466 62 148 0 46614
1 466 31 8 0 46614
2 467 62 148 0 46714
1 467 31 8 0 46714
2 468 62 148 0 46814
1 468 31 8 0 46814
2 469 62 148 0 46914
1 469 31 8 0 46914
2 470 62 148 0 47014
1 470 31 8 0 47014
2 471 62 148 0 47114
1 471 31 8 0 47114
2 472 62 148 0 47217
1 472 31 8 0 47214
2 473 62 148 0 47314
1 473 31 8 0 47314
2 474 62 148 0 47414
1 474 31 8 0 47415
2 475 62 148 0 47514
1 475 31 8 0 47514
2 476 62 148 0 47614
1 476 31 8 0 47614
2 477 62 148 0 47714
1 477 31 8 0 47715
2 478 62 148 0 47814
1 478 31 8 0 47814
2 479 62 148 0 47914
1 479 31 8 0 47914
2 480 62 148 0 48014
1 480 31 8 0 48015
2 481 62 148 0 48114
1 481 31 8 0 48116
2 482 62 148 0 48214
1 482 31 8 0 48214
2 483 62 148 0 48314
1 483 31 8 0 48314
2 484 62 148 0 48414
1 484 31 8 0 48416
2 485 62 148 0 48514
1 485 31 8 0 48514
2 486 62 148 0 48614
1 486 31 8 0 48614
2 487 62 148 0 48714
1 487 31 8 0 48716
2 488 62 148 0 48814
1 488 31 9 0 48814
2 489 62 148 0 48914
1 489 31 9 0 48914
2 490 62 148 0 49014
1 490 31 9 0 49014
2 491 62 148 0 49114
1 491 31 9 0 49114
2 492 62 148 0 49214
1 492 31 9 0 49215
1 493 31 9 0 49316
2 493 62 148 0 49317
2 494 62 148 0 49414
1 494 31 8 0 49414
2 495 62 148 0 49514
1 495 31 8 0 49514
2 496 62 148 0 49614
1 496 31 8 0 49614
2 497 62 148 0 49714
1 497 31 8 0 49716
2 498 62 148 0 49814
1 498 31 8 0 49814
2 499 62 148 0 49914
1 499 31 8 0 49914
2 500 62 148 0 50014
1 500 31 8 0 50014
2 501 62 148 0 50115
1 501 31 8 0 50114
2 502 62 148 0 50214
1 502 31 8 0 50214
2 503 62 148 0 50314
1 503 31 8 0 50314
2 504 62 148 0 50414
1 504 31 8 0 50415
2 505 62 148 0 50514
1 505 31 8 0 50514
2 506 62 148 0 50614
1 506 31 8 0 50614
2 507 62 148 0 50714
1 507 31 8 0 50715
2 508 62 148 0 50814
1 508 31 8 0 50814
2 509 62 148 0 50914
1 509 31 8 0 50914
2 510 62 148 0 51014
1 510 31 8 0 51014
2 511 62 148 0 51114
1 511 31 8 0 51114
2 512 62 148 0 51214
1 512 31 8 0 51215
2 513 62 148 0 51314
1 513 31 8 0 51315
2 514 62 148 0 51416
1 514 31 8 0 51414
2 515 62 148 0 51514
1 515 31 8 0 51514
2 516 62 148 0 51614
1 516 31 8 0 51614
2 517 62 148 0 51714
1 517 31 8 0 51714
2 518 62 148 0 51814
1 518 31 8 0 51814
2 519 62 148 0 51914
1 519 31 8 0 51914
2 520 62 148 0 52014
1 520 31 8 0 52014
2 521 62 148 0 52114
1 521 31 8 0 52115
2 522 62 148 0 52215
1 522 31 8 0 52216
2 523 62 148 0 52314
1 523 31 8 0 52315
2 524 62 148 0 52414
1 524 31 8 0 52414
2 525 62 148 0 52514
1 525 31 8 0 52514
2 526 62 148 0 52614
1 526 31 8 0 52614
2 527 62 148 0 52714
1 527 31 8 0 52714
2 528 62 148 0 52814
1 528 31 8 0 52815
2 529 62 148 0 52914
1 529 31 8 0 52915
2 530 62 148 0 53014
1 530 31 8 0 53014
2 531 62 148 0 53114
1 531 31 8 0 53114
2 532 62 148 0 53214
1 532 31 8 0 53214
2 533 62 148 0 53314
1 533 31 8 0 53314
2 534 62 148 0 53414
1 534 31 8 0 53414
2 535 62 148 0 53514
1 535 31 8 0 53514
2 536 62 148 0 53614
1 536 31 8 0 53614
2 537 62 148 0 53714
1 537 31 8 0 53714
2 538 62 148 0 53814
1 538 31 8 0 53814
2 539 62 148 0 53914
1 539 31 8 0 53915
2 540 62 148 0 54014
1 540 31 8 0 54014
2 541 62 148 0 54114
1 541 31 8 0 54114
2 542 62 148 0 54214
1 542 31 8 0 54215
2 543 62 148 0 54314
1 543 31 8 0 54314
2 544 62 148 0 54414
1 544 31 8 0 54414
2 545 62 148 0 54514
1 545 31 8 0 54514
2 546 62 148 0 54614
1 546 31 8 0 54614
2 547 62 148 0 54714
1 547 31 8 0 54714
2 548 62 148 0 54814
1 548 31 8 0 54814
2 549 62 148 0 54914
1 549 31 8 0 54914
2 550 62 148 0 55014
1 550 31 8 0 55014
2 551 62 148 0 55114
1 551 31 8 0 55114
2 552 62 148 0 55214
1 552 31 8 0 55214
2 553 62 148 0 55314
1 553 31 8 0 55315
2 554 62 148 0 55414
1 554 31 8 0 55414
2 555 62 148 0 55514
1 555 31 8 0 55514
1 556 31 8 0 55614
2 557 62 148 0 55714
1 557 31 8 0 55714
2 556 62 148 0 55614
2 558 62 148 0 55814
1 558 31 8 0 55814
2 559 62 148 0 55914
1 559 31 8 0 55914
2 560 62 148 0 56014
1 560 31 8 0 56014
2 561 62 148 0 56114
1 561 31 8 0 56114
2 562 62 148 0 56214
1 562 31 8 0 56214
2 563 62 148 0 56314
1 563 31 8 0 56314
2 564 62 148 0 56414
1 564 31 8 0 56414
2 565 62 148 0 56514
1 565 31 8 0 56514
2 566 62 148 0 56614
1 566 31 8 0 56614
2 567 62 148 0 56714
1 567 31 8 0 56714
2 568 62 148 0 56814
1 568 31 8 0 56814
2 569 62 148 0 56914
1 569 31 8 0 56914
2 570 62 148 0 57014
1 570 31 8 0 57016
2 571 62 148 0 57114
1 571 31 8 0 57114
2 572 62 148 0 57214
1 572 31 8 0 57214
2 573 62 148 0 57314
1 573 31 8 0 57316
2 574 62 148 0 57414
1 574 31 8 0 57416
2 575 62 148 0 57516
1 575 31 8 0 57515
2 576 62 148 0 57614
1 576 31 8 0 57614
2 577 62 148 0 57714
1 577 31 8 0 57716
2 578 62 148 0 57814
1 578 31 8 0 57814
2 579 62 148 0 57914
1 579 31 8 0 57914
2 580 62 148 0 58014
1 580 31 8 0 58014
2 581 62 148 0 58114
1 581 31 8 0 58115
2 582 62 148 0 58214
1 582 31 8 0 58214
2 583 62 148 0 58316
1 583 31 8 0 58317
2 584 62 148 0 58414
1 584 31 8 0 58414
2 585 62 148 0 58514
1 585 31 8 0 58514
2 586 62 148 0 58614
1 586 31 8 0 58614
2 587 62 148 0 58714
1 587 31 8 0 58714
2 588 62 148 0 58814
1 588 31 8 0 58814
2 589 62 148 0 58914
1 589 31 8 0 58914
2 590 62 148 0 59014
1 590 31 8 0 59014
2 591 62 148 0 59115
1 591 31 8 0 59114
2 592 62 148 0 59214
1 592 31 8 0 59214
2 593 62 148 1 59314
1 593 31 8 0 59314
2 594 62 148 0 59414
1 594 31 8 0 59414
2 595 62 148 0 59514
1 595 31 8 0 59514
2 596 62 148 0 59614
1 596 31 8 0 59614
2 597 62 148 0 59714
1 597 31 8 0 59714
2 598 62 148 0 59814
1 598 31 8 0 59814
2 599 62 148 0 59914
1 599 31 8 0 59914
2 600 62 148 0 60014
1 600 31 8 0 60014
2 601 62 148 0 60114
1 601 31 8 0 60115
2 602 62 148 0 60214
1 602 31 8 0 60214
2 603 62 148 0 60314
1 603 31 8 0 60314
2 604 62 148 0 60414
1 604 31 8 0 60414
2 605 62 148 0 60514
1 605 31 8 0 60514
2 606 62 148 0 60614
1 606 31 8 0 60614
2 607 62 148 0 60714
1 607 31 8 0 60715
2 608 62 148 0 60814
1 608 31 8 0 60814
2 609 62 148 0 60914
1 609 31 8 0 60914
2 610 62 148 0 61014
1 610 31 8 0 61014
2 611 62 148 0 61114
1 611 31 8 0 61114
2 612 62 148 0 61214
1 612 31 8 0 61214
2 613 62 148 0 61314
1 613 31 8 0 61314
2 614 62 148 0 61414
1 614 31 8 0 61414
2 615 62 148 0 61514
1 615 31 8 0 61514
2 616 62 148 0 61614
1 616 31 8 0 61616
2 617 62 148 0 61714
1 617 31 8 0 61714
2 618 62 148 0 61814
1 618 31 8 0 61815
2 619 62 148 0 61914
1 619 31 8 0 61914
2 620 62 148 0 62014
1 620 31 8 0 62014
2 621 62 148 0 62114
1 621 31 8 0 62114
2 622 62 148 0 62214
1 622 31 8 0 62214
2 623 62 148 0 62314
1 623 31 8 0 62314
2 624 62 148 0 62414
1 624 31 8 0 62414
2 625 62 148 0 62514
1 625 31 8 0 62514
2 626 62 148 0 62614
1 626 31 8 0 62614
2 627 62 148 0 62714
1 627 31 8 0 62714
2 628 62 148 0 62817
1 628 31 8 0 62815
2 629 62 148 0 62914
1 629 31 8 0 62914
2 630 62 148 0 63014
1 630 31 8 0 63014
2 631 62 148 0 63114
1 631 31 8 0 63114
2 632 62 148 0 63214
1 632 31 9 0 63215
2 633 62 148 0 63314
1 633 31 9 0 63314
2 634 62 148 0 63414
1 634 31 9 0 63414
2 635 62 148 0 63514
1 635 31 9 0 63514
2 636 62 148 0 63616
1 636 31 9 0 63616
2 637 62 148 0 63714
1 637 31 9 0 63715
2 638 62 148 0 63814
1 638 31 9 0 63814
2 639 62 148 0 63914
1 639 31 9 0 63914
2 640 62 148 0 64014
1 640 31 9 0 64014
2 641 62 148 0 64114
1 641 31 9 0 64115
2 642 62 148 0 64214
1 642 31 9 0 64214
2 643 62 148 0 64314
1 643 31 9 0 64314
2 644 62 148 0 64414
1 644 31 9 0 64414
2 645 62 148 0 64514
1 645 31 9 0 64514
2 646 62 148 0 64614
1 646 31 9 0 64615
2 647 62 148 0 64714
1 647 31 9 0 64714
2 648 62 148 0 64814
1 648 31 9 0 64814
2 649 62 148 0 64914
1 649 31 9 0 64915
2 650 62 148 0 65014
1 650 31 9 0 65015
2 651 62 148 0 65114
1 651 31 9 0 65114
2 652 62 148 0 65214
1 652 31 9 0 65214
2 653 62 148 0 65314
1 653 31 9 0 65314
2 654 62 148 0 65414
1 654 31 9 0 65414
2 655 62 148 0 65514
1 655 31 9 0 65514
2 656 62 148 0 78
1 656 31 9 0 78
2 657 62 148 0 178
1 657 31 9 0 178
2 658 62 148 0 278
1 658 31 9 0 279
2 659 62 148 0 378
1 659 31 9 0 378
2 660 62 148 0 478
1 660 31 9 0 478
2 661 62 148 0 578
1 661 31 9 0 578
2 662 62 148 0 678
1 662 31 9 0 678
2 663 62 148 0 778
1 663 31 9 0 778
2 664 62 148 0 878
1 664 31 9 0 878
2 665 62 148 0 978
1 665 31 9 0 978
2 666 62 148 0 1078
1 666 31 9 0 1078
2 667 62 148 0 1178
1 667 31 9 0 1178
2 668 62 148 0 1278
1 668 31 9 0 1278
2 669 62 148 0 1378
1 669 31 9 0 1378
2 670 62 148 0 1478
1 670 31 9 0 1478
2 671 62 148 0 1578
1 671 31 9 0 1578
2 672 62 148 0 1678
1 672 31 9 0 1678
2 673 62 148 0 1781
1 673 31 9 0 1778
2 674 62 148 0 1878
1 674 31 9 0 1878
2 675 62 148 0 1978
1 675 31 9 0 1978
2 676 62 148 0 2078
1 676 31 9 0 2078
2 677 62 148 0 2178
1 677 31 9 0 2178
2 678 62 148 0 2278
1 678 31 9 0 2278
2 679 62 148 0 2378
1 679 31 9 0 2378
2 680 62 148 0 2478
1 680 31 9 0 2478
2 681 62 148 0 2579
1 681 31 9 0 2578
2 682 62 148 0 2678
1 682 31 9 0 2678
2 683 62 148 0 2778
1 683 31 9 0 2778
2 684 62 148 0 2878
1 684 31 9 0 2878
2 685 62 148 0 2978
1 685 31 9 0 2978
2 686 62 148 0 3078
1 686 31 9 0 3078
2 687 62 148 0 3178
1 687 31 9 0 3178
2 688 62 148 0 3278
1 688 31 9 0 3278
2 689 62 148 0 3379
1 689 31 9 0 3378
2 690 62 148 0 3478
1 690 31 9 0 3478
2 691 62 148 0 3578
1 691 31 9 0 3578
2 692 62 148 0 3678
1 692 31 9 0 3678
2 693 62 148 0 3778
1 693 31 9 0 3778
2 694 62 148 0 3878
1 694 31 9 0 3879
2 695 62 148 0 3978
1 695 31 9 0 3979
2 696 62 148 0 4078
1 696 31 9 0 4078
2 697 62 148 0 4178
1 697 31 9 0 4178
2 698 62 148 0 4278
1 698 31 9 0 4279
2 699 62 148 0 4378
1 699 31 9 0 4378
2 700 62 148 0 4478
1 700 31 9 0 4478
2 701 62 148 0 4578
1 701 31 9 0 4578
2 702 62 148 0 4680
1 702 31 9 0 4681
2 703 62 148 0 4778
1 703 31 9 0 4778
2 704 62 148 0 4878
1 704 31 9 0 4878
2 705 62 148 0 4978
1 705 31 9 0 4978
2 706 62 148 0 5078
1 706 31 9 0 5078
2 707 62 148 0 5178
1 707 31 9 0 5178
2 708 62 148 0 5278
1 708 31 9 0 5278
2 709 62 148 0 5378
1 709 31 9 0 5378
2 710 62 148 0 5478
1 710 31 9 0 5480
2 711 62 148 0 5578
1 711 31 9 0 5578
2 712 62 148 0 5678
1 712 31 9 0 5678
2 713 62 148 0 5778
1 713 31 9 0 5778
2 714 62 148 0 5878
1 714 31 9 0 5878
2 715 62 148 0 5978
1 715 31 9 0 5978
2 716 62 148 0 6078
1 716 31 9 0 6078
2 717 62 148 0 6178
1 717 31 9 0 6178
2 718 62 148 0 6278
1 718 31 9 0 6278
2 719 62 148 0 6378
1 719 31 9 0 6378
2 720 62 148 0 6478
1 720 31 9 0 6478
2 721 62 148 0 6578
1 721 31 9 0 6578
2 722 62 148 0 6678
1 722 31 9 0 6678
2 723 62 148 0 6778
1 723 31 9 0 6778
2 724 62 148 0 6878
1 724 31 9 0 6878
2 725 62 148 0 6978
1 725 31 9 0 6978
2 726 62 148 0 7078
1 726 31 9 0 7078
2 727 62 148 0 7178
1 727 31 9 0 7178
2 728 62 148 0 7278
1 728 31 9 0 7278
2 729 62 148 0 7378
1 729 31 9 0 7379
2 730 62 148 1 7478
1 730 31 9 0 7478
2 731 62 148 0 7578
1 731 31 9 0 7578
2 732 62 148 0 7678
1 732 31 9 0 7678
2 733 62 148 0 7778
1 733 31 9 0 7778
2 734 62 148 0 7880
1 734 31 9 0 7880
2 735 62 148 0 7978
1 735 31 9 0 7978
2 736 62 148 0 8078
1 736 31 9 0 8078
2 737 62 148 0 8178
1 737 31 9 0 8178
2 738 62 148 0 8278
1 738 31 9 0 8278
2 739 62 148 0 8378
1 739 31 9 0 8378
2 740 62 148 0 8478
1 740 31 9 0 8478
2 741 62 148 0 8578
1 741 31 9 0 8578
2 742 62 148 0 8678
1 742 31 9 0 8678
2 743 62 148 0 8778
1 743 31 9 0 8778
2 744 62 148 0 8878
1 744 31 9 0 8878
2 745 62 148 0 8978
1 745 31 9 0 8980
2 746 62 148 0 9078
1 746 31 9 0 9078
2 747 62 148 0 9178
1 747 31 9 0 9178
2 748 62 148 0 9278
1 748 31 9 0 9279
2 749 62 148 0 9378
1 749 31 9 0 9378
2 750 62 148 0 9478
1 750 31 9 0 9480
2 751 62 148 0 9578
1 751 31 9 0 9578
2 752 62 148 0 9678
1 752 31 9 0 9678
2 753 62 148 0 9778
1 753 31 9 0 9778
2 754 62 148 0 9878
1 754 31 9 0 9878
2 755 62 148 0 9978
1 755 31 9 0 9978
2 756 62 148 1 10078
1 756 31 9 0 10078
2 757 62 148 0 10178
1 757 31 9 0 10178
2 758 62 148 0 10278
1 758 31 9 0 10279
2 759 62 148 0 10378
1 759 31 9 0 10378
2 760 62 148 0 10478
1 760 31 9 0 10478
2 761 62 148 0 10578
1 761 31 9 0 10578
2 762 62 148 0 10678
1 762 31 9 0 10678
2 763 62 148 0 10778
1 763 31 9 0 10779
2 764 62 148 0 10878
1 764 31 9 0 10879
2 765 62 148 0 10978
1 765 31 9 0 10978
2 766 62 148 0 11080
1 766 31 9 0 11078
2 767 62 148 0 11178
1 767 31 9 0 11178
2 768 62 148 0 11278
1 768 31 9 0 11278
2 769 62 148 0 11378
1 769 31 9 0 11378
2 770 62 148 0 11478
1 770 31 9 0 11478
2 771 62 148 0 11578
1 771 31 9 0 11578
2 772 62 148 0 11678
1 772 31 9 0 11678
2 773 62 148 0 11778
1 773 31 9 0 11778
2 774 62 148 0 11880
1 774 31 9 0 11879
2 775 62 148 0 11978
1 775 31 9 0 11978
2 776 62 148 0 12078
1 776 31 9 0 12078
2 777 62 148 0 12178
1 777 31 9 0 12178
2 778 62 148 0 12278
1 778 31 9 0 12278
2 779 62 148 0 12378
1 779 31 9 0 12378
1 780 31 9 0 12478
2 781 62 148 0 12578
1 781 31 9 0 12579
2 780 62 148 0 12478
2 782 62 148 0 12678
1 782 31 9 0 12678
2 783 62 148 0 12778
1 783 31 9 0 12778
2 784 62 148 0 12878
1 784 31 9 0 12879
2 785 62 148 0 12978
1 785 31 9 0 12978
2 786 62 148 0 13078
1 786 31 9 0 13079
2 787 62 148 0 13178
1 787 31 9 0 13179
2 788 62 148 0 13278
1 788 31 9 0 13278
2 789 62 148 0 13378
1 789 31 9 0 13378
2 790 62 148 0 13478
1 790 31 9 0 13478
2 791 62 148 0 13578
1 791 31 9 0 13578
2 792 62 148 0 13678
1 792 31 9 0 13678
2 793 62 148 0 13778
1 793 31 9 0 13778
2 794 62 148 0 13878
1 794 31 9 0 13878
2 795 62 148 0 13981
1 795 31 9 0 13980
2 796 62 148 0 14078
1 796 31 9 0 14078
2 797 62 148 0 14178
1 797 31 9 0 14179
2 798 62 148 0 14278
1 798 31 9 0 14278
2 799 62 148 0 14378
1 799 31 9 0 14378
2 800 62 148 0 14478
1 800 31 9 0 14478
2 801 62 148 0 14578
1 801 31 9 0 14578
2 802 62 148 0 14678
1 802 31 9 0 14678
2 803 62 148 0 14780
1 803 31 9 0 14781
2 804 62 148 0 14878
1 804 31 9 0 14878
2 805 62 148 0 14978
1 805 31 9 0 14978
2 806 62 148 0 15078
1 806 31 9 0 15078
2 807 62 148 0 15178
1 807 31 9 0 15178
2 808 62 148 0 15278
1 808 31 9 0 15278
2 809 62 148 0 15378
1 809 31 9 0 15378
2 810 62 148 0 15478
1 810 31 9 0 15479
1 811 31 9 0 15578
2 812 62 148 0 15678
1 812 31 9 0 15678
2 811 62 148 0 15578
2 813 62 148 0 15778
1 813 31 9 0 15778
2 814 62 148 0 15878
1 814 31 9 0 15878
2 815 62 148 0 15978
1 815 31 9 0 15978
2 816 62 148 0 16078
1 816 31 9 0 16078
2 817 62 148 0 16178
1 817 31 9 0 16178
2 818 62 148 0 16278
1 818 31 9 0 16278
2 819 62 148 0 16378
1 819 31 9 0 16378
2 820 62 148 0 16478
1 820 31 9 0 16478
2 821 62 148 0 16578
1 821 31 9 0 16579
2 822 62 148 0 16678
1 822 31 9 0 16678
2 823 62 148 0 16778
1 823 31 9 0 16778
2 824 62 148 0 16878
1 824 31 9 0 16878
2 825 62 148 0 16978
1 825 31 9 0 16978
2 826 62 148 0 17078
1 826 31 9 0 17078
2 827 62 148 0 17178
1 827 31 9 0 17178
2 828 62 148 0 17278
1 828 31 9 0 17278
2 829 62 148 0 17378
1 829 31 9 0 17378
2 830 62 148 0 17478
1 830 31 9 0 17478
2 831 62 148 0 17578
1 831 31 9 0 17578
2 832 62 148 0 17678
1 832 31 9 0 17679
2 833 62 148 0 17778
1 833 31 9 0 17778
2 834 62 148 0 17878
1 834 31 9 0 17878
2 835 62 148 0 17978
1 835 31 9 0 17979
2 836 62 148 0 18078
1 836 31 9 0 18078
2 837 62 148 0 18178
1 837 31 9 0 18178
2 838 62 148 0 18278
1 838 31 9 0 18278
2 839 62 148 0 18378
1 840 31 9 0 18479
2 840 62 148 0 18481
2 841 62 148 0 18578
1 841 31 9 0 18578
2 842 62 148 0 18678
1 842 31 9 0 18678
2 843 62 148 0 18778
1 843 31 9 0 18779
2 844 62 148 0 18878
1 844 31 9 0 18878
2 845 62 148 0 18978
1 845 31 9 0 18978
2 846 62 148 0 19078
1 846 31 9 0 19078
1 839 31 9 0 18378
2 847 62 148 0 19178
1 847 31 9 0 19178
2 848 62 148 0 19280
1 848 31 9 0 19278
2 849 62 148 0 19378
1 849 31 9 0 19379
2 850 62 148 0 19478
1 850 31 9 0 19478
2 851 62 148 0 19578
1 851 31 9 0 19578
2 852 62 148 0 19678
1 852 31 9 0 19678
2 853 62 148 1 19778
1 853 31 9 0 19778
2 854 62 148 0 19878
1 854 31 9 0 19878
2 855 62 148 0 19978
1 855 31 9 0 19978
2 856 62 148 0 20078
1 856 31 9 0 20078
2 857 62 148 0 20178
1 857 31 9 0 20178
2 858 62 148 0 20278
1 858 31 9 0 20278
2 859 62 148 0 20378
2 860 62 148 0 20478
1 860 31 9 0 20478
1 859 31 9 0 20378
2 861 62 148 0 20578
1 861 31 9 0 20578
2 862 62 148 0 20678
1 862 31 9 0 20678
2 863 62 148 0 20778
1 863 31 9 0 20778
2 864 62 148 0 20878
1 864 31 9 0 20878
2 865 62 148 0 20978
1 865 31 9 0 20978
2 866 62 148 0 21078
1 866 31 9 0 21078
2 867 62 148 0 21178
1 867 31 9 0 21178
2 868 62 148 0 21278
1 868 31 9 0 21278
2 869 62 148 0 21378
1 869 31 9 0 21378
2 870 62 148 0 21478
1 870 31 9 0 21478
2 871 62 148 0 21578
1 871 31 9 0 21578
2 872 62 148 0 21678
1 872 31 9 0 21678
2 873 62 148 0 21778
1 873 31 9 0 21778
2 874 62 148 0 21878
1 874 31 9 0 21878
2 875 62 148 0 21978
1 875 31 9 0 21978
2 876 62 148 0 22078
1 876 31 9 0 22079
2 877 62 148 0 22178
1 877 31 9 0 22178
2 878 62 148 0 22278
1 878 31 9 0 22278
2 879 62 148 0 22378
1 879 31 9 0 22378
2 880 62 148 0 22478
1 880 31 9 0 22478
2 881 62 148 0 22578
1 881 31 9 0 22578
2 882 62 148 0 22678
1 882 31 9 0 22678
2 883 62 148 0 22778
1 883 31 9 0 22778
2 884 62 148 0 22878
1 884 31 9 0 22878
2 885 62 148 0 22981
1 885 31 9 0 22981
2 886 62 148 0 23078
1 886 31 9 0 23078
2 887 62 148 0 23178
1 887 31 9 0 23178
2 888 62 148 0 23278
1 888 31 9 0 23278
2 889 62 148 0 23378
1 889 31 9 0 23378
2 890 62 148 0 23478
1 890 31 9 0 23478
2 891 62 148 0 23578
1 891 31 9 0 23578
2 892 62 148 0 23678
1 892 31 9 0 23678
2 893 62 148 0 23781
1 893 31 9 0 23780
2 894 62 148 0 23878
1 894 31 9 0 23878
2 895 62 148 0 23978
1 895 31 9 0 23978
2 896 62 148 0 24078
1 896 31 9 0 24078
2 897 62 148 0 24178
1 897 31 9 0 24178
2 898 62 148 0 24278
1 898 31 9 0 24278
2 899 62 148 0 24378
1 899 31 9 0 24378
2 900 62 148 0 24478
1 900 31 9 0 24478
2 901 62 148 0 24579
1 901 31 9 0 24580
2 902 62 148 0 24678
1 902 31 9 0 24678
2 903 62 148 0 24778
1 903 31 9 0 24778
2 904 62 148 0 24878
1 904 31 9 0 24878
2 905 62 148 0 24978
1 905 31 9 0 24978
2 906 62 148 0 25078
1 906 31 9 0 25078
2 907 62 148 0 25178
1 907 31 9 0 25178
2 908 62 148 0 25278
1 908 31 9 0 25278
1 909 31 9 0 25378
2 910 62 148 0 25478
1 910 31 9 0 25478
2 909 62 148 0 25378
2 911 62 148 0 25578
1 911 31 9 0 25578
2 912 62 148 0 25678
1 912 31 9 0 25678
2 913 62 148 0 25778
1 913 31 9 0 25778
2 914 62 148 0 25878
1 914 31 9 0 25878
2 915 62 148 0 25978
1 915 31 9 0 25978
2 916 62 148 0 26078
1 916 31 9 0 26078
2 917 62 148 0 26178
1 917 31 9 0 26178
2 918 62 148 0 26278
1 918 31 9 0 26278
2 919 62 148 0 26378
1 919 31 9 0 26378
2 920 62 148 0 26478
1 920 31 9 0 26478
2 921 62 148 0 26578
1 921 31 9 0 26578
2 922 62 148 0 26680
1 922 31 9 0 26682
2 923 62 148 0 26778
1 923 31 9 0 26778
2 924 62 148 0 26878
1 924 31 9 0 26878
2 925 62 148 0 26978
1 925 31 9 0 26978
2 926 62 148 0 27078
1 926 31 9 0 27079
2 927 62 148 0 27178
1 927 31 9 0 27178
2 928 62 148 0 27278
1 928 31 9 0 27278
2 929 62 148 0 27378
1 929 31 9 0 27378
2 930 62 148 0 27480
1 930 31 9 0 27478
2 931 62 148 0 27578
1 931 31 9 0 27578
2 932 62 148 0 27678
1 932 31 9 0 27678
2 933 62 148 0 27778
1 933 31 9 0 27778
2 934 62 148 0 27878
1 934 31 9 0 27878
2 935 62 148 0 27978
1 935 31 9 0 27978
2 936 62 148 0 28078
1 936 31 9 0 28078
2 937 62 148 0 28178
1 937 31 9 0 28178
2 938 62 148 0 28278
1 938 31 9 0 28278
2 939 62 148 0 28378
1 939 31 9 0 28378
2 940 62 148 0 28478
1 940 31 9 0 28478
2 941 62 148 0 28578
1 941 31 9 0 28578
2 942 62 148 0 28678
1 942 31 9 0 28678
2 943 62 148 0 28778
1 943 31 9 0 28778
2 944 62 148 0 28878
1 944 31 9 0 28878
2 945 62 148 0 28978
2 946 62 148 0 29078
1 946 31 9 0 29078
1 945 31 9 0 28978
2 947 62 148 0 29178
1 947 31 9 0 29178
2 948 62 148 0 29278
1 948 31 9 0 29278
2 949 62 148 0 29378
1 949 31 9 0 29378
2 950 62 148 0 29478
1 950 31 9 0 29478
2 951 62 148 0 29578
1 951 31 9 0 29578
2 952 62 148 0 29678
1 952 31 9 0 29678
2 953 62 148 0 29778
1 953 31 9 0 29778
2 954 62 148 0 29878
1 954 31 9 0 29878
2 955 62 148 0 29978
1 955 31 9 0 29978
2 956 62 148 0 30078
1 956 31 9 0 30078
2 957 62 148 0 30178
1 957 31 9 0 30178
2 958 62 148 0 30278
1 958 31 9 0 30278
2 959 62 148 0 30378
1 959 31 9 0 30378
2 960 62 148 0 30478
1 960 31 9 0 30478
2 961 62 148 0 30578
1 961 31 9 0 30578
2 962 62 148 0 30678
1 962 31 8 0 30678
2 963 62 148 0 30778
1 963 31 8 0 30778
2 964 62 148 0 30878
1 964 31 8 0 30880
2 965 62 148 0 30978
1 965 31 9 0 30978
2 966 62 148 0 31078
1 966 31 9 0 31078
2 967 62 148 0 31178
1 967 31 9 0 31178
2 968 62 148 0 31278
1 968 31 9 0 31279
2 969 62 148 0 31378
1 969 31 9 0 31378
2 970 62 148 0 31478
1 970 31 9 0 31478
2 971 62 148 0 31578
1 971 31 9 0 31578
2 972 62 148 0 31678
1 972 31 9 0 31678
2 973 62 148 0 31778
1 973 31 9 0 31778
2 974 62 148 0 31878
1 974 31 9 0 31878
2 975 62 148 1 31978
1 975 31 9 0 31978
2 976 62 148 0 32078
1 976 31 9 0 32078
2 977 62 148 0 32178
1 977 31 8 0 32178
2 978 62 148 0 32278
1 978 31 8 0 32278
2 979 62 148 0 32378
1 979 31 8 0 32378
2 980 62 148 0 32478
1 980 31 9 0 32478
2 981 62 148 0 32578
1 981 31 9 0 32578
2 982 62 148 0 32678
1 982 31 9 0 32678
2 983 62 148 0 32781
1 983 31 8 0 32779
2 984 62 148 0 32878
1 984 31 8 0 32878
2 985 62 148 0 32978
1 985 31 8 0 32978
2 986 62 148 0 33078
1 986 31 9 0 33078
2 987 62 148 0 33178
1 987 31 9 0 33178
2 988 62 148 0 33278
1 988 31 9 0 33278
2 989 62 148 0 33378
1 989 31 8 0 33378
2 990 62 148 0 33478
1 990 31 8 0 33478
2 991 62 148 0 33579
1 991 31 8 0 33578
2 992 62 148 0 33678
1 992 31 8 0 33678
2 993 62 148 0 33778
1 993 31 8 0 33778
2 994 62 148 0 33878
1 994 31 8 0 33879
2 995 62 148 0 33978
1 995 31 8 0 33978
2 996 62 148 0 34078
2 997 62 148 0 34178
1 997 31 8 0 34178
1 996 31 8 0 34078
2 998 62 148 0 34278
1 998 31 9 0 34278
2 999 62 148 0 34378
1 999 31 9 0 34378
2 1000 62 148 0 34478
1 1000 31 9 0 34478
2 1001 62 148 0 34578
1 1001 31 9 0 34578
2 1002 62 148 0 34678
1 1002 31 9 0 34678
2 1003 62 148 0 34778
1 1003 31 9 0 34778
2 1004 62 148 0 34878
1 1004 31 9 0 34878
2 1005 62 148 1 34978
1 1005 31 9 0 34978
2 1006 62 148 0 35078
1 1006 31 9 0 35079
2 1007 62 148 0 35178
1 1007 31 9 0 35178
2 1008 62 148 0 35278
1 1008 31 9 0 35278
2 1009 62 148 0 35378
1 1009 31 9 0 35378
2 1010 62 148 0 35478
1 1010 31 9 0 35478
1 1011 31 9 0 35578
2 1012 62 148 0 35680
1 1012 31 9 0 35679
2 1011 62 148 0 35578
2 1013 62 148 0 35778
1 1013 31 9 0 35778
2 1014 62 148 0 35878
1 1014 31 9 0 35878
2 1015 62 148 0 35978
1 1015 31 9 0 35978
2 1016 62 148 0 36078
1 1016 31 9 0 36079
2 1017 62 148 0 36178
1 1017 31 9 0 36178
2 1018 62 148 0 36278
1 1018 31 9 0 36278
2 1019 62 148 0 36378
1 1019 31 8 0 36378
2 1020 62 148 0 36480
1 1020 31 8 0 36478
2 1021 62 148 0 36578
1 1021 31 8 0 36578
2 1022 62 148 0 36678
1 1022 31 9 0 36678
1 1023 31 9 0 36778
2 1024 62 148 0 36878
1 1024 31 9 0 36878
2 1023 62 148 0 36778
2 1025 62 148 0 36978
1 1025 31 9 0 36979
2 1026 62 148 0 37078
1 1026 31 9 0 37078
2 1027 62 148 0 37178
1 1027 31 9 0 37178
2 1028 62 148 0 37279
1 1028 31 9 0 37278
2 1029 62 148 0 37378
1 1029 31 9 0 37378
2 1030 62 148 0 37478
1 1030 31 9 0 37478
2 1031 62 148 0 37578
1 1031 31 9 0 37578
2 1032 62 148 0 37678
1 1032 31 9 0 37678
2 1033 62 148 0 37778
1 1033 31 9 0 37778
2 1034 62 148 0 37878
1 1034 31 8 0 37878
2 1035 62 148 1 37978
1 1035 31 8 0 37978
2 1036 62 148 0 38078
1 1036 31 8 0 38078
2 1037 62 148 0 38178
1 1037 31 8 0 38178
2 1038 62 148 0 38278
1 1038 31 8 0 38278
2 1039 62 148 0 38378
1 1039 31 8 0 38378
2 1040 62 148 0 38478
1 1040 31 8 0 38478
2 1041 62 148 0 38578
1 1041 31 8 0 38578
2 1042 62 148 0 38678
1 1042 31 8 0 38678
2 1043 62 148 0 38778
1 1043 31 9 0 38778
2 1044 62 148 0 38878
1 1044 31 9 0 38878
2 1045 62 148 0 38978
1 1045 31 9 0 38978
2 1046 62 148 0 39078
1 1046 31 9 0 39078
2 1047 62 148 0 39178
1 1047 31 9 0 39178
2 1048 62 148 0 39278
1 1048 31 9 0 39278
2 1049 62 148 0 39378
1 1049 31 9 0 39378
2 1050 62 148 0 39478
1 1050 31 9 0 39478
2 1051 62 148 0 39578
1 1051 31 9 0 39580
2 1052 62 148 0 39678
1 1052 31 9 0 39678
2 1053 62 148 0 39778
1 1053 31 9 0 39778
2 1054 62 148 0 39878
1 1054 31 9 0 39878
2 1055 62 148 0 39978
2 1056 62 148 0 40078
1 1056 31 9 0 40078
1 1055 31 9 0 39978
2 1057 62 148 0 40178
1 1057 31 9 0 40179
2 1058 62 148 0 40278
1 1058 31 9 0 40278
2 1059 62 148 0 40378
1 1059 31 9 0 40378
2 1060 62 148 0 40478
1 1060 31 9 0 40478
2 1061 62 148 0 40578
1 1061 31 9 0 40579
2 1062 62 148 0 40678
1 1062 31 9 0 40678
2 1063 62 148 0 40778
1 1063 31 9 0 40778
2 1064 62 148 0 40878
1 1064 31 9 0 40878
2 1065 62 148 0 40980
1 1065 31 9 0 40979
2 1066 62 148 1 41078
1 1066 31 9 0 41078
2 1067 62 148 0 41178
1 1067 31 9 0 41178
2 1068 62 148 0 41278
1 1068 31 9 0 41278
2 1069 62 148 0 41378
1 1069 31 9 0 41378
2 1070 62 148 0 41478
1 1070 31 9 0 41478
2 1071 62 148 0 41578
1 1071 31 9 0 41578
2 1072 62 148 0 41678
1 1072 31 9 0 41678
2 1073 62 148 0 41778
1 1073 31 9 0 41778
2 1074 62 148 0 41878
1 1074 31 9 0 41878
2 1075 62 148 0 41978
1 1075 31 9 0 41978
2 1076 62 148 0 42078
1 1076 31 8 0 42078
2 1077 62 148 0 42178
1 1077 31 8 0 42178
2 1078 62 148 0 42278
1 1078 31 8 0 42278
2 1079 62 148 0 42378
1 1079 31 9 0 42378
2 1080 62 148 0 42478
1 1080 31 9 0 42478
2 1081 62 148 0 42578
1 1081 31 9 0 42578
2 1082 62 148 0 42678
1 1082 31 9 0 42678
2 1083 62 148 0 42778
1 1083 31 9 0 42778
2 1084 62 148 0 42878
1 1084 31 9 0 42878
2 1085 62 148 0 42978
1 1085 31 9 0 42978
2 1086 62 148 0 43078
1 1086 31 9 0 43078
2 1087 62 148 0 43178
1 1087 31 9 0 43178
2 1088 62 148 0 43278
1 1088 31 8 0 43278
2 1089 62 148 0 43378
1 1089 31 8 0 43378
2 1090 62 148 0 43478
1 1090 31 8 0 43478
2 1091 62 148 0 43578
1 1091 31 8 0 43578
2 1092 62 148 0 43678
1 1092 31 8 0 43678
2 1093 62 148 0 43778
1 1093 31 8 0 43778
2 1094 62 148 0 43878
1 1094 31 8 0 43878
2 1095 62 148 0 43978
1 1095 31 8 0 43978
2 1096 62 148 0 44078
1 1096 31 8 0 44080
2 1097 62 148 0 44178
1 1097 31 8 0 44178
2 1098 62 148 0 44278
1 1098 31 8 0 44278
2 1099 62 148 0 44378
1 1099 31 8 0 44378
2 1100 62 148 0 44478
1 1100 31 8 0 44478
2 1101 62 148 0 44578
1 1101 31 8 0 44578
2 1102 62 148 0 44678
1 1102 31 8 0 44678
2 1103 62 148 0 44778
1 1103 31 8 0 44778
2 1104 62 148 0 44878
1 1104 31 8 0 44878
2 1105 62 148 0 44978
1 1105 31 8 0 44978
2 1106 62 148 0 45078
1 1106 31 8 0 45078
2 1107 62 148 0 45178
1 1107 31 8 0 45178
2 1108 62 148 0 45278
1 1108 31 8 0 45278
2 1109 62 148 0 45378
1 1109 31 8 0 45378
2 1110 62 148 0 45478
1 1110 31 8 0 45478
2 1111 62 148 0 45578
1 1111 31 8 0 45578
2 1112 62 148 0 45678
1 1112 31 8 0 45678
1 1113 31 8 0 45778
2 1114 62 148 0 45878
1 1114 31 8 0 45878
2 1113 62 148 0 45778
2 1115 62 148 0 45978
1 1115 31 8 0 45978
2 1116 62 148 0 46078
1 1116 31 8 0 46078
2 1117 62 148 0 46178
1 1117 31 8 0 46178
2 1118 62 148 0 46281
1 1118 31 8 0 46278
2 1119 62 148 0 46378
1 1119 31 8 0 46378
2 1120 62 148 0 46478
1 1120 31 8 0 46478
2 1121 62 148 0 46578
1 1121 31 8 0 46578
2 1122 62 148 0 46678
1 1122 31 8 0 46678
2 1123 62 148 0 46778
1 1123 31 8 0 46778
2 1124 62 148 0 46878
1 1124 31 8 0 46878
2 1125 62 148 0 46978
1 1125 31 8 0 46978
2 1126 62 148 0 47080
1 1126 31 8 0 47078
2 1127 62 148 0 47178
1 1127 31 8 0 47178
2 1128 62 148 0 47278
1 1128 31 8 0 47278
2 1129 62 148 0 47378
1 1129 31 8 0 47378
2 1130 62 148 0 47478
1 1130 31 8 0 47478
2 1131 62 148 0 47578
1 1131 31 8 0 47578
2 1132 62 148 0 47678
1 1132 31 8 0 47678
2 1133 62 148 0 47778
1 1133 31 8 0 47778
2 1134 62 148 0 47878
1 1134 31 8 0 47878
2 1135 62 148 0 47978
1 1135 31 8 0 47978
2 1136 62 148 0 48078
1 1136 31 8 0 48078
2 1137 62 148 0 48178
1 1137 31 8 0 48178
2 1138 62 148 0 48278
1 1138 31 8 0 48280
2 1139 62 148 0 48378
1 1139 31 8 0 48378
2 1140 62 148 0 48478
1 1140 31 8 0 48480
2 1141 62 148 0 48578
1 1141 31 8 0 48578
2 1142 62 148 0 48678
1 1142 31 8 0 48678
2 1143 62 148 0 48778
1 1143 31 8 0 48778
2 1144 62 148 0 48878
1 1144 31 8 0 48878
2 1145 62 148 0 48978
1 1145 31 8 0 48978
2 1146 62 148 0 49078
1 1146 31 8 0 49079
2 1147 62 148 0 49180
1 1147 31 8 0 49180
2 1148 62 148 0 49278
1 1148 31 8 0 49278
2 1149 62 148 0 49378
1 1149 31 8 0 49378
2 1150 62 148 0 49478
1 1150 31 8 0 49478
2 1151 62 148 0 49578
1 1151 31 8 0 49578
2 1152 62 148 0 49678
1 1152 31 8 0 49678
2 1153 62 148 0 49778
1 1153 31 8 0 49778
2 1154 62 148 0 49878
1 1154 31 8 0 49878
2 1155 62 148 0 49980
1 1155 31 8 0 49978
2 1156 62 148 0 50078
1 1156 31 8 0 50078
2 1157 62 148 0 50178
1 1157 31 8 0 50178
2 1158 62 148 0 50278
1 1158 31 8 0 50278
2 1159 62 148 0 50378
1 1159 31 8 0 50378
2 1160 62 148 0 50478
1 1160 31 8 0 50478
2 1161 62 148 0 50578
1 1161 31 8 0 50578
2 1162 62 148 0 50678
1 1162 31 8 0 50678
2 1163 62 148 0 50780
1 1163 31 8 0 50778
1 1164 31 8 0 50878
2 1165 62 148 0 50978
1 1165 31 8 0 50978
2 1164 62 148 0 50878
2 1166 62 148 0 51078
1 1166 31 8 0 51078
2 1167 62 148 0 51178
1 1167 31 8 0 51178
2 1168 62 148 0 51278
1 1168 31 8 0 51278
2 1169 62 148 0 51378
1 1169 31 8 0 51378
2 1170 62 148 0 51478
1 1170 31 8 0 51478
2 1171 62 148 0 51578
1 1171 31 8 0 51578
2 1172 62 148 0 51678
1 1172 31 8 0 51678
2 1173 62 148 0 51778
1 1173 31 8 0 51778
2 1174 62 148 0 51878
1 1174 31 8 0 51878
2 1175 62 148 0 51978
1 1175 31 8 0 51978
1 1176 31 8 0 52078
2 1177 62 148 0 52178
1 1177 31 8 0 52178
2 1176 62 148 0 52078
2 1178 62 148 0 52278
1 1178 31 8 0 52278
2 1179 62 148 0 52378
1 1179 31 8 0 52378
2 1180 62 148 0 52478
1 1180 31 8 0 52480
2 1181 62 148 0 52578
1 1181 31 8 0 52578
2 1182 62 148 0 52678
1 1182 31 8 0 52679
2 1183 62 148 0 52778
1 1183 31 8 0 52778
2 1184 62 148 0 52878
1 1184 31 8 0 52878
2 1185 62 148 0 52978
1 1185 31 8 0 52978
2 1186 62 148 0 53078
1 1186 31 8 0 53078
2 1187 62 148 0 53178
1 1187 31 8 0 53178
2 1188 62 148 0 53278
1 1188 31 8 0 53278
2 1189 62 148 0 53378
1 1189 31 8 0 53378
2 1190 62 148 0 53478
1 1190 31 8 0 53478
2 1191 62 148 0 53578
1 1191 31 8 0 53578
2 1192 62 148 0 53681
1 1192 31 8 0 53680
2 1193 62 148 0 53778
1 1193 31 8 0 53779
2 1194 62 148 0 53878
1 1194 31 8 0 53878
2 1195 62 148 0 53978
1 1195 31 8 0 53978
2 1196 62 148 0 54078
1 1196 31 8 0 54078
2 1197 62 148 0 54178
1 1197 31 8 0 54178
2 1198 62 148 0 54278
1 1198 31 8 0 54278
2 1199 62 148 0 54378
1 1199 31 8 0 54378
2 1200 62 148 0 54480
1 1200 31 8 0 54478
