1 100 31 9 0 50014
2 100 62 148 0 50014
1 101 31 9 0 50514
2 101 62 148 0 50514
1 102 31 9 0 51014
2 102 62 148 0 51014
1 103 31 9 0 51514
2 103 62 148 0 51514
1 104 31 9 0 52014
2 104 62 148 0 52014
1 105 31 9 0 52514
2 105 62 148 0 52514
1 106 31 9 0 53014
2 106 62 148 0 53014
1 107 31 9 0 53514
2 107 62 148 0 53514
1 108 31 9 0 54014
2 108 62 148 0 54014
1 109 31 9 0 54514
2 109 62 148 0 54514
1 110 31 9 0 55014
2 110 62 148 0 55014
1 111 31 9 0 55514
2 111 62 148 0 55514
1 112 31 9 0 56014
2 112 62 148 0 56014
1 113 31 9 0 56514
2 113 62 148 0 56514
1 114 31 9 0 57014
2 114 62 148 0 57014
1 115 31 9 0 57514
2 115 62 148 0 57514
1 116 31 9 0 58014
2 116 62 148 0 58014
1 117 31 9 0 58514
2 117 62 148 0 58514
1 118 31 9 0 59014
2 118 62 148 0 59014
1 119 31 9 0 59514
2 119 62 148 0 59514
1 120 31 9 0 60014
2 120 62 148 0 60014
1 121 31 9 0 60514
2 121 62 148 0 60514
1 122 31 9 0 61014
2 122 62 148 0 61014
1 123 31 9 0 61514
2 123 62 148 0 61514
1 124 31 9 0 62014
2 124 62 148 0 62014
1 125 31 9 0 62514
2 125 62 148 0 62514
1 126 31 9 0 63014
2 126 62 148 0 63014
1 127 31 9 0 63514
2 127 62 148 0 63514
1 128 31 9 0 64014
2 128 62 148 0 64014
1 129 31 9 0 64514
2 129 62 148 0 64514
1 130 31 9 0 65014
2 130 62 148 0 65014
1 131 31 9 0 65514
2 131 62 148 0 65514
1 132 31 9 0 478
2 132 62 148 0 478
1 133 31 9 0 978
2 133 62 148 0 978
1 134 31 9 0 1478
2 134 62 148 0 1478
1 135 31 9 0 1978
2 135 62 148 0 1978
1 136 31 9 0 2478
2 136 62 148 0 2478
1 137 31 9 0 2978
2 137 62 148 0 2978
1 138 31 9 0 3478
2 138 62 148 0 3478
1 139 31 9 0 3978
2 139 62 148 0 3978
1 140 31 9 0 4478
2 140 62 148 0 4478
1 141 31 9 0 4978
2 141 62 148 0 4978
1 142 31 9 0 5478
2 142 62 148 0 5478
1 143 31 9 0 5978
2 143 62 148 0 5978
1 144 31 9 0 6478
2 144 62 148 0 6478
1 145 31 9 0 6978
2 145 62 148 1 6978
1 146 31 9 0 7478
2 146 62 148 0 7478
1 147 31 9 0 7978
2 147 62 148 0 7978
1 148 31 9 0 8478
2 148 62 148 0 8478
1 149 31 9 0 8978
2 149 62 148 0 8978
1 150 31 9 0 9478
2 150 62 148 0 9478
1 151 31 9 0 9978
2 151 62 148 0 9978
1 152 31 9 0 10478
2 152 62 148 0 10478
1 153 31 8 0 10978
2 153 62 148 0 10978
1 154 31 8 0 11478
2 154 62 148 0 11478
1 155 31 8 0 11978
2 155 62 148 0 11978
1 156 31 8 0 12478
2 156 62 148 0 12478
1 157 31 8 0 12978
2 157 62 148 0 12978
1 158 31 8 0 13478
2 158 62 148 0 13478
1 159 31 8 0 13978
2 159 62 148 0 13978
1 160 31 8 0 14478
2 160 62 148 0 14478
1 161 31 8 0 14978
2 161 62 148 0 14978
1 162 31 8 0 15478
2 162 62 148 0 15478
1 163 31 8 0 15978
2 163 62 148 1 15978
1 164 31 8 0 16478
2 164 62 148 0 16478
1 165 31 8 0 16978
2 165 62 148 0 16978
1 166 31 8 0 17478
2 166 62 148 0 17478
1 167 31 8 0 17978
2 167 62 148 0 17978
1 168 31 8 0 18478
2 168 62 148 0 18478
1 169 31 8 0 18978
2 169 62 148 0 18978
1 170 31 8 0 19478
2 170 62 148 0 19478
1 171 31 8 0 19978
2 171 62 148 0 19978
1 172 31 8 0 20478
2 172 62 148 0 20478
1 173 31 8 0 20978
2 173 62 148 0 20978
1 174 31 8 0 21478
2 174 62 148 0 21478
1 175 31 8 0 21978
2 175 62 148 0 21978
1 176 31 8 0 22478
2 176 62 148 0 22478
1 177 31 8 0 22978
2 177 62 148 0 22978
1 178 31 8 0 23478
2 178 62 148 0 23478
1 179 31 8 0 23978
2 179 62 148 0 23978
1 180 31 8 0 24478
2 180 62 148 0 24478
1 181 31 8 0 24978
2 181 62 148 0 24978
1 182 31 8 0 25478
2 182 62 148 0 25478
1 183 31 8 0 25978
2 183 62 148 0 25978
1 184 31 8 0 26478
2 184 62 148 0 26478
1 185 31 8 0 26978
2 185 62 148 0 26978
1 186 31 8 0 27478
2 186 62 148 0 27478
1 187 31 8 0 27978
2 187 62 148 0 27978
1 188 31 8 0 28478
2 188 62 148 0 28478
1 189 31 8 0 28978
2 189 62 148 0 28978
1 190 31 8 0 29478
2 190 62 148 0 29478
1 191 31 8 0 29978
2 191 62 148 0 29978
1 192 31 8 0 30478
2 192 62 148 0 30478
1 193 31 8 0 30978
2 193 62 148 0 30978
1 194 31 8 0 31478
2 194 62 148 0 31478
1 195 31 8 0 31978
2 195 62 148 0 31978
1 196 31 8 0 32478
2 196 62 148 0 32478
1 197 31 8 0 32978
2 197 62 148 0 32978
1 198 31 8 0 33478
2 198 62 148 0 33478
1 199 31 8 0 33978
2 199 62 148 0 33978
1 200 31 8 0 34478
2 200 62 148 0 34478
1 201 31 8 0 34978
2 201 62 148 0 34978
1 202 31 8 0 35478
2 202 62 148 0 35478
1 203 31 8 0 35978
2 203 62 148 0 35978
1 204 31 8 0 36478
2 204 62 148 0 36478
1 205 31 8 0 36978
2 205 62 148 0 36978
1 206 31 8 0 37478
1 207 31 8 0 37978
2 207 62 148 0 37978
2 206 62 148 0 37478
1 208 31 8 0 38478
2 208 62 148 0 38478
1 209 31 8 0 38978
2 209 62 148 0 38978
1 210 31 8 0 39478
2 210 62 148 0 39478
1 211 31 8 0 39978
2 211 62 148 0 39978
1 212 31 8 0 40478
2 212 62 148 0 40478
1 213 31 8 0 40978
2 213 62 148 0 40978
1 214 31 9 0 41478
2 214 62 148 0 41478
1 215 31 8 0 41978
2 215 62 148 0 41978
1 216 31 8 0 42478
2 216 62 148 0 42478
1 217 31 8 0 42978
2 217 62 148 0 42978
1 218 31 8 0 43478
2 218 62 148 0 43478
1 219 31 9 0 43978
2 219 62 148 0 43978
1 220 31 8 0 44478
2 220 62 148 0 44478
1 221 31 8 0 44978
2 221 62 148 0 44978
1 222 31 8 0 45478
2 222 62 148 0 45478
1 223 31 8 0 45978
2 223 62 148 0 45978
1 224 31 8 0 46478
2 224 62 148 0 46478
1 225 31 9 0 46978
2 225 62 148 0 46978
1 226 31 9 0 47478
2 226 62 148 0 47478
1 227 31 9 0 47978
2 227 62 148 0 47978
1 228 31 8 0 48478
2 228 62 148 0 48478
1 229 31 8 0 48978
2 229 62 148 0 48978
1 230 31 9 0 49478
2 230 62 148 0 49478
1 231 31 9 0 49978
2 231 62 148 0 49978
1 232 31 9 0 50478
2 232 62 148 0 50478
1 233 31 9 0 50978
2 233 62 148 0 50978
1 234 31 9 0 51478
2 234 62 148 0 51478
1 235 31 9 0 51978
2 235 62 148 0 51978
1 236 31 9 0 52478
2 236 62 148 0 52478
1 237 31 8 0 52978
2 237 62 148 0 52978
1 238 31 9 0 53478
2 238 62 148 0 53478
1 239 31 8 0 53978
2 239 62 148 0 53978
1 240 31 9 0 54478
2 240 62 148 0 54478
1 241 31 8 0 54978
2 241 62 148 0 54978
1 242 31 9 0 55478
2 242 62 148 0 55478
1 243 31 8 0 55978
2 243 62 148 0 55978
1 244 31 8 0 56478
2 244 62 148 0 56478
1 245 31 8 0 56978
2 245 62 148 0 56978
1 246 31 8 0 57478
1 247 31 8 0 57978
2 247 62 148 0 57978
2 246 62 148 0 57478
1 248 31 8 0 58478
2 248 62 148 0 58478
1 249 31 8 0 58978
2 249 62 148 0 58978
1 250 31 8 0 59478
2 250 62 148 0 59478
1 251 31 8 0 59978
2 251 62 148 0 59978
1 252 31 8 0 60478
2 252 62 148 0 60478
1 253 31 8 0 60978
2 253 62 148 0 60978
1 254 31 8 0 61478
2 254 62 148 0 61478
1 255 31 8 0 61978
2 255 62 148 0 61978
1 256 31 8 0 62478
2 256 62 148 0 62478
1 257 31 8 0 62978
2 257 62 148 0 62978
1 258 31 8 0 63478
2 258 62 148 0 63478
1 259 31 8 0 63978
2 259 62 148 0 63978
1 260 31 8 0 64478
2 260 62 148 0 64478
1 261 31 8 0 64978
2 261 62 148 0 64978
1 262 31 8 0 65478
2 262 62 148 0 65478
1 263 31 8 0 442
2 263 62 148 0 442
1 264 31 8 0 942
2 264 62 148 0 942
1 265 31 8 0 1442
2 265 62 148 0 1442
1 266 31 8 0 1942
2 266 62 148 0 1942
1 267 31 8 0 2442
2 267 62 148 0 2442
1 268 31 8 0 2942
1 269 31 8 0 3442
2 269 62 148 0 3442
2 268 62 148 0 2942
1 270 31 8 0 3942
2 270 62 148 0 3942
1 271 31 8 0 4442
2 271 62 148 0 4442
1 272 31 8 0 4942
2 272 62 148 0 4942
1 273 31 8 0 5442
2 273 62 148 0 5442
1 274 31 8 0 5942
2 274 62 148 0 5942
1 275 31 8 0 6442
2 275 62 148 0 6442
1 276 31 8 0 6942
2 276 62 148 0 6942
1 277 31 8 0 7442
2 277 62 148 0 7442
1 278 31 8 0 7942
2 278 62 148 0 7942
1 279 31 8 0 8442
2 279 62 148 0 8442
1 280 31 8 0 8942
2 280 62 148 0 8942
1 281 31 8 0 9442
2 281 62 148 1 9442
1 282 31 8 0 9942
2 282 62 148 0 9942
1 283 31 8 0 10442
2 283 62 148 0 10442
1 284 31 8 0 10942
2 284 62 148 0 10942
1 285 31 8 0 11442
2 285 62 148 0 11442
1 286 31 8 0 11942
2 286 62 148 0 11942
1 287 31 8 0 12442
2 287 62 148 0 12442
1 288 31 8 0 12942
2 288 62 148 0 12942
1 289 31 8 0 13442
2 289 62 148 0 13442
1 290 31 8 0 13942
2 290 62 148 0 13942
1 291 31 8 0 14442
2 291 62 148 0 14442
1 292 31 8 0 14942
2 292 62 148 0 14942
1 293 31 8 0 15442
2 293 62 148 0 15442
1 294 31 8 0 15942
2 294 62 148 0 15942
1 295 31 8 0 16442
2 295 62 148 0 16442
1 296 31 8 0 16942
2 296 62 148 0 16942
1 297 31 8 0 17442
1 298 31 8 0 17942
2 298 62 148 0 17942
2 297 62 148 0 17442
1 299 31 8 0 18442
2 299 62 148 0 18442
1 300 31 8 0 18942
2 300 62 148 0 18942
1 301 31 8 0 19442
2 301 62 148 0 19442
1 302 31 8 0 19942
2 302 62 148 0 19942
1 303 31 8 0 20442
2 303 62 148 0 20442
1 304 31 8 0 20942
2 304 62 148 0 20942
1 305 31 8 0 21442
2 305 62 148 0 21442
1 306 31 8 0 21942
2 306 62 148 0 21942
1 307 31 8 0 22442
2 307 62 148 0 22442
1 308 31 8 0 22942
1 309 31 8 0 23442
2 309 62 148 0 23442
2 308 62 148 0 22942
1 310 31 8 0 23942
2 310 62 148 0 23942
1 311 31 8 0 24442
2 311 62 148 0 24442
1 312 31 8 0 24942
2 312 62 148 0 24942
1 313 31 8 0 25442
2 313 62 148 0 25442
1 314 31 8 0 25942
2 314 62 148 0 25942
1 315 31 8 0 26442
2 315 62 148 0 26442
1 316 31 8 0 26942
2 316 62 148 0 26942
1 317 31 8 0 27442
2 317 62 148 0 27442
1 318 31 8 0 27942
2 318 62 148 0 27942
1 319 31 8 0 28442
2 319 62 148 0 28442
1 320 31 8 0 28942
2 320 62 148 0 28942
1 321 31 8 0 29442
2 321 62 148 0 29442
1 322 31 8 0 29942
2 322 62 148 0 29942
1 323 31 8 0 30442
2 323 62 148 0 30442
1 324 31 8 0 30942
2 324 62 148 0 30942
1 325 31 8 0 31442
2 325 62 148 0 31442
1 326 31 8 0 31942
2 326 62 148 0 31942
1 327 31 8 0 32442
2 327 62 148 0 32442
1 328 31 8 0 32942
2 328 62 148 0 32942
1 329 31 8 0 33442
2 329 62 148 0 33442
1 330 31 8 0 33942
2 330 62 148 0 33942
1 331 31 8 0 34442
2 331 62 148 0 34442
1 332 31 8 0 34942
2 332 62 148 0 34942
1 333 31 8 0 35442
2 333 62 148 0 35442
1 334 31 8 0 35942
2 334 62 148 0 35942
1 335 31 8 0 36442
2 335 62 148 0 36442
1 336 31 8 0 36942
2 336 62 148 0 36942
1 337 31 8 0 37442
2 337 62 148 0 37442
1 338 31 8 0 37942
2 338 62 148 0 37942
1 339 31 8 0 38442
2 339 62 148 0 38442
1 340 31 8 0 38942
2 340 62 148 0 38942
1 341 31 8 0 39442
2 341 62 148 0 39442
1 342 31 8 0 39942
2 342 62 148 0 39942
1 343 31 8 0 40442
2 343 62 148 0 40442
1 344 31 8 0 40942
2 344 62 148 0 40942
1 345 31 8 0 41442
2 345 62 148 0 41442
1 346 31 8 0 41942
2 346 62 148 0 41942
1 347 31 8 0 42442
2 347 62 148 0 42442
1 348 31 8 0 42942
1 349 31 8 0 43442
2 349 62 148 0 43442
2 348 62 148 0 42942
1 350 31 8 0 43942
2 350 62 148 0 43942
1 351 31 8 0 44442
2 351 62 148 0 44442
1 352 31 8 0 44942
2 352 62 148 0 44942
1 353 31 8 0 45442
2 353 62 148 0 45442
1 354 31 8 0 45942
2 354 62 148 0 45942
1 355 31 8 0 46442
2 355 62 148 0 46442
1 356 31 8 0 46942
2 356 62 148 0 46942
1 357 31 8 0 47442
2 357 62 148 0 47442
1 358 31 8 0 47942
2 358 62 148 0 47942
1 359 31 8 0 48442
2 359 62 148 0 48442
1 360 31 8 0 48942
2 360 62 148 0 48942
1 361 31 8 0 49442
2 361 62 148 0 49442
1 362 31 8 0 49942
2 362 62 148 0 49942
1 363 31 8 0 50442
2 363 62 148 0 50442
1 364 31 8 0 50942
2 364 62 148 0 50942
1 365 31 8 0 51442
2 365 62 148 0 51442
1 366 31 8 0 51942
2 366 62 148 0 51942
1 367 31 8 0 52442
2 367 62 148 0 52442
1 368 31 8 0 52942
2 368 62 148 0 52942
1 369 31 8 0 53442
2 369 62 148 0 53442
1 370 31 8 0 53942
2 370 62 148 0 53942
1 371 31 8 0 54442
2 371 62 148 0 54442
1 372 31 8 0 54942
2 372 62 148 0 54942
1 373 31 8 0 55442
2 373 62 148 0 55442
1 374 31 8 0 55942
2 374 62 148 0 55942
1 375 31 8 0 56442
2 375 62 148 0 56442
1 376 31 8 0 56942
2 376 62 148 0 56942
1 377 31 8 0 57442
2 377 62 148 0 57442
1 378 31 8 0 57942
2 378 62 148 0 57942
1 379 31 8 0 58442
2 379 62 148 0 58442
1 380 31 8 0 58942
2 380 62 148 0 58942
1 381 31 8 0 59442
2 381 62 148 0 59442
1 382 31 8 0 59942
2 382 62 148 0 59942
1 383 31 8 0 60442
2 383 62 148 0 60442
1 384 31 8 0 60942
2 384 62 148 0 60942
1 385 31 8 0 61442
2 385 62 148 0 61442
1 386 31 8 0 61942
2 386 62 148 0 61942
1 387 31 8 0 62442
2 387 62 148 0 62442
1 388 31 8 0 62942
2 388 62 148 0 62942
1 389 31 8 0 63442
2 389 62 148 0 63442
1 390 31 8 0 63942
2 390 62 148 0 63942
1 391 31 8 0 64442
2 391 62 148 0 64442
1 392 31 8 0 64942
2 392 62 148 0 64942
1 393 31 8 0 65442
2 393 62 148 0 65442
1 394 31 8 0 406
2 394 62 148 0 406
1 395 31 8 0 906
2 395 62 148 0 906
1 396 31 8 0 1406
2 396 62 148 0 1406
1 397 31 8 0 1906
2 397 62 148 0 1906
1 398 31 8 0 2406
2 398 62 148 0 2406
1 399 31 8 0 2906
2 399 62 148 0 2906
1 400 31 8 0 3406
2 400 62 148 0 3406
1 401 31 8 0 3906
2 401 62 148 0 3906
1 402 31 8 0 4406
2 402 62 148 0 4406
1 403 31 8 0 4906
2 403 62 148 0 4906
1 404 31 8 0 5406
2 404 62 148 0 5406
1 405 31 8 0 5906
2 405 62 148 0 5906
1 406 31 8 0 6406
2 406 62 148 0 6406
1 407 31 8 0 6906
2 407 62 148 0 6906
1 408 31 8 0 7406
2 408 62 148 0 7406
1 409 31 8 0 7906
2 409 62 148 0 7906
1 410 31 8 0 8406
2 410 62 148 0 8406
1 411 31 8 0 8906
2 411 62 148 0 8906
1 412 31 8 0 9406
2 412 62 148 0 9406
1 413 31 8 0 9906
2 413 62 148 0 9906
1 414 31 8 0 10406
2 414 62 148 0 10406
1 415 31 8 0 10906
2 415 62 148 0 10906
1 416 31 8 0 11406
2 416 62 148 0 11406
1 417 31 8 0 11906
2 417 62 148 0 11906
1 418 31 8 0 12406
2 418 62 148 0 12406
1 419 31 8 0 12906
2 419 62 148 0 12906
1 420 31 8 0 13406
2 420 62 148 0 13406
1 421 31 8 0 13906
2 421 62 148 0 13906
1 422 31 8 0 14406
2 422 62 148 0 14406
1 423 31 8 0 14906
2 423 62 148 0 14906
1 424 31 8 0 15406
2 424 62 148 0 15406
1 425 31 8 0 15906
2 425 62 148 0 15906
1 426 31 8 0 16406
2 426 62 148 0 16406
1 427 31 8 0 16906
2 427 62 148 0 16906
1 428 31 8 0 17406
2 428 62 148 0 17406
1 429 31 8 0 17906
2 429 62 148 0 17906
1 430 31 8 0 18406
2 430 62 148 0 18406
1 431 31 8 0 18906
2 431 62 148 0 18906
1 432 31 8 0 19406
2 432 62 148 0 19406
1 433 31 8 0 19906
2 433 62 148 0 19906
1 434 31 8 0 20406
2 434 62 148 0 20406
1 435 31 8 0 20906
2 435 62 148 0 20906
1 436 31 8 0 21406
2 436 62 148 0 21406
1 437 31 8 0 21906
2 437 62 148 0 21906
1 438 31 8 0 22406
2 438 62 148 0 22406
1 439 31 8 0 22906
2 439 62 148 0 22906
1 440 31 8 0 23406
2 440 62 148 0 23406
1 441 31 8 0 23906
2 441 62 148 0 23906
1 442 31 8 0 24406
2 442 62 148 0 24406
1 443 31 8 0 24906
2 443 62 148 1 24906
1 444 31 8 0 25406
2 444 62 148 0 25406
1 445 31 8 0 25906
2 445 62 148 0 25906
1 446 31 8 0 26406
2 446 62 148 0 26406
1 447 31 8 0 26906
2 447 62 148 0 26906
1 448 31 8 0 27406
2 448 62 148 0 27406
1 449 31 8 0 27906
2 449 62 148 0 27906
1 450 31 8 0 28406
2 450 62 148 0 28406
1 451 31 8 0 28906
2 451 62 148 0 28906
1 452 31 8 0 29406
2 452 62 148 0 29406
1 453 31 8 0 29906
2 453 62 148 0 29906
1 454 31 8 0 30406
2 454 62 148 0 30406
1 455 31 8 0 30906
2 455 62 148 0 30906
1 456 31 8 0 31406
2 456 62 148 0 31406
1 457 31 8 0 31906
2 457 62 148 0 31906
1 458 31 8 0 32406
2 458 62 148 0 32406
1 459 31 8 0 32906
2 459 62 148 0 32906
1 460 31 8 0 33406
2 460 62 148 0 33406
1 461 31 8 0 33906
2 461 62 148 0 33906
1 462 31 8 0 34406
2 462 62 148 0 34406
1 463 31 8 0 34906
2 463 62 148 0 34906
1 464 31 8 0 35406
2 464 62 148 0 35406
1 465 31 8 0 35906
2 465 62 148 0 35906
1 466 31 8 0 36406
2 466 62 148 0 36406
1 467 31 8 0 36906
2 467 62 148 0 36906
1 468 31 8 0 37406
2 468 62 148 0 37406
1 469 31 8 0 37906
2 469 62 148 0 37906
1 470 31 8 0 38406
2 470 62 148 0 38406
1 471 31 8 0 38906
2 471 62 148 0 38906
1 472 31 8 0 39406
2 472 62 148 0 39406
1 473 31 8 0 39906
2 473 62 148 0 39906
1 474 31 8 0 40406
2 474 62 148 0 40406
1 475 31 8 0 40906
2 475 62 148 0 40906
1 476 31 8 0 41406
2 476 62 148 0 41406
1 477 31 8 0 41906
2 477 62 148 0 41906
1 478 31 8 0 42406
2 478 62 148 0 42406
1 479 31 8 0 42906
2 479 62 148 1 42906
1 480 31 8 0 43406
2 480 62 148 0 43406
1 481 31 8 0 43906
2 481 62 148 0 43906
1 482 31 8 0 44406
2 482 62 148 0 44406
1 483 31 8 0 44906
2 483 62 148 0 44906
1 484 31 8 0 45406
2 484 62 148 0 45406
1 485 31 8 0 45906
2 485 62 148 0 45906
1 486 31 8 0 46406
2 486 62 148 0 46406
1 487 31 8 0 46906
2 487 62 148 0 46906
1 488 31 8 0 47406
2 488 62 148 0 47406
1 489 31 8 0 47906
2 489 62 148 0 47906
1 490 31 8 0 48406
2 490 62 148 0 48406
1 491 31 8 0 48906
2 491 62 148 0 48906
1 492 31 8 0 49406
2 492 62 148 0 49406
1 493 31 8 0 49906
2 493 62 148 0 49906
1 494 31 8 0 50406
2 494 62 148 0 50406
1 495 31 8 0 50906
2 495 62 148 0 50906
1 496 31 8 0 51406
2 496 62 148 0 51406
1 497 31 8 0 51906
2 497 62 148 0 51906
1 498 31 8 0 52406
2 498 62 148 0 52406
1 499 31 8 0 52906
2 499 62 148 0 52906
1 500 31 8 0 53406
2 500 62 148 0 53406
1 501 31 9 0 53906
2 501 62 148 0 53906
1 502 31 8 0 54406
2 502 62 148 0 54406
1 503 31 9 0 54906
2 503 62 148 1 54906
1 504 31 9 0 55406
2 504 62 148 0 55406
1 505 31 9 0 55906
2 505 62 148 0 55906
1 506 31 9 0 56406
2 506 62 148 0 56406
1 507 31 9 0 56906
2 507 62 148 0 56906
1 508 31 9 0 57406
2 508 62 148 0 57406
1 509 31 9 0 57906
2 509 62 148 0 57906
1 510 31 9 0 58406
2 510 62 148 0 58406
1 511 31 9 0 58906
2 511 62 148 0 58906
1 512 31 9 0 59406
2 512 62 148 0 59406
1 513 31 9 0 59906
2 513 62 148 0 59906
1 514 31 9 0 60406
2 514 62 148 0 60406
1 515 31 9 0 60906
2 515 62 148 0 60906
1 516 31 9 0 61406
2 516 62 148 0 61406
1 517 31 9 0 61906
2 517 62 148 0 61906
1 518 31 9 0 62406
2 518 62 148 0 62406
1 519 31 9 0 62906
2 519 62 148 0 62906
1 520 31 9 0 63406
2 520 62 148 0 63406
1 521 31 9 0 63906
2 521 62 148 0 63906
1 522 31 9 0 64406
2 522 62 148 0 64406
1 523 31 9 0 64906
2 523 62 148 0 64906
1 524 31 9 0 65406
2 524 62 148 0 65406
1 525 31 9 0 370
2 525 62 148 0 370
1 526 31 9 0 870
2 526 62 148 0 870
1 527 31 9 0 1370
2 527 62 148 0 1370
1 528 31 9 0 1870
2 528 62 148 0 1870
1 529 31 9 0 2370
2 529 62 148 0 2370
1 530 31 9 0 2870
1 531 31 9 0 3370
2 531 62 148 0 3370
2 530 62 148 0 2870
1 532 31 9 0 3870
2 532 62 148 0 3870
1 533 31 9 0 4370
2 533 62 148 0 4370
1 534 31 9 0 4870
2 534 62 148 0 4870
1 535 31 9 0 5370
2 535 62 148 0 5370
1 536 31 9 0 5870
2 536 62 148 0 5870
1 537 31 9 0 6370
2 537 62 148 0 6370
1 538 31 8 0 6870
2 538 62 148 0 6870
1 539 31 9 0 7370
2 539 62 148 0 7370
1 540 31 8 0 7870
2 540 62 148 0 7870
1 541 31 8 0 8370
2 541 62 148 0 8370
1 542 31 8 0 8870
2 542 62 148 0 8870
1 543 31 8 0 9370
2 543 62 148 0 9370
1 544 31 8 0 9870
2 544 62 148 0 9870
1 545 31 8 0 10370
2 545 62 148 0 10370
1 546 31 8 0 10870
2 546 62 148 0 10870
1 547 31 8 0 11370
2 547 62 148 0 11370
1 548 31 8 0 11870
2 548 62 148 0 11870
1 549 31 8 0 12370
2 549 62 148 0 12370
1 550 31 8 0 12870
2 550 62 148 0 12870
1 551 31 8 0 13370
2 551 62 148 0 13370
1 552 31 9 0 13870
2 552 62 148 0 13870
1 553 31 9 0 14370
2 553 62 148 0 14370
1 554 31 8 0 14870
2 554 62 148 0 14870
1 555 31 9 0 15370
2 555 62 148 0 15370
1 556 31 9 0 15870
2 556 62 148 0 15870
1 557 31 9 0 16370
2 557 62 148 0 16370
1 558 31 9 0 16870
2 558 62 148 0 16870
1 559 31 9 0 17370
2 559 62 148 0 17370
1 560 31 9 0 17870
2 560 62 148 0 17870
1 561 31 9 0 18370
2 561 62 148 0 18370
1 562 31 9 0 18870
2 562 62 148 0 18870
1 563 31 9 0 19370
2 563 62 148 0 19370
1 564 31 8 0 19870
2 564 62 148 0 19870
1 565 31 9 0 20370
2 565 62 148 0 20370
1 566 31 8 0 20870
2 566 62 148 0 20870
1 567 31 8 0 21370
2 567 62 148 0 21370
1 568 31 8 0 21870
2 568 62 148 0 21870
1 569 31 9 0 22370
2 569 62 148 0 22370
1 570 31 9 0 22870
1 571 31 8 0 23370
2 571 62 148 0 23370
2 570 62 148 0 22870
1 572 31 9 0 23870
2 572 62 148 0 23870
1 573 31 8 0 24370
2 573 62 148 0 24370
1 574 31 8 0 24870
2 574 62 148 0 24870
1 575 31 8 0 25370
2 575 62 148 0 25370
1 576 31 8 0 25870
2 576 62 148 0 25870
1 577 31 8 0 26370
2 577 62 148 0 26370
1 578 31 8 0 26870
2 578 62 148 0 26870
1 579 31 8 0 27370
2 579 62 148 0 27370
1 580 31 8 0 27870
2 580 62 148 0 27870
1 581 31 8 0 28370
2 581 62 148 1 28370
1 582 31 8 0 28870
2 582 62 148 0 28870
1 583 31 8 0 29370
2 583 62 148 0 29370
1 584 31 8 0 29870
2 584 62 148 0 29870
1 585 31 8 0 30370
2 585 62 148 0 30370
1 586 31 8 0 30870
2 586 62 148 0 30870
1 587 31 8 0 31370
2 587 62 148 0 31370
1 588 31 8 0 31870
2 588 62 148 0 31870
1 589 31 8 0 32370
2 589 62 148 0 32370
1 590 31 8 0 32870
2 590 62 148 0 32870
1 591 31 8 0 33370
2 591 62 148 0 33370
1 592 31 8 0 33870
2 592 62 148 0 33870
1 593 31 8 0 34370
2 593 62 148 0 34370
1 594 31 8 0 34870
2 594 62 148 0 34870
1 595 31 8 0 35370
2 595 62 148 0 35370
1 596 31 8 0 35870
2 596 62 148 0 35870
1 597 31 8 0 36370
2 597 62 148 0 36370
1 598 31 8 0 36870
2 598 62 148 0 36870
1 599 31 8 0 37370
2 599 62 148 0 37370
1 600 31 8 0 37870
2 600 62 148 0 37870
1 601 31 8 0 38370
2 601 62 148 0 38370
1 602 31 8 0 38870
2 602 62 148 0 38870
1 603 31 8 0 39370
1 604 31 8 0 39870
2 604 62 148 0 39870
2 603 62 148 0 39370
1 605 31 8 0 40370
2 605 62 148 0 40370
1 606 31 8 0 40870
2 606 62 148 0 40870
1 607 31 8 0 41370
2 607 62 148 0 41370
1 608 31 8 0 41870
2 608 62 148 0 41870
1 609 31 8 0 42370
2 609 62 148 0 42370
1 610 31 8 0 42870
2 610 62 148 0 42870
1 611 31 8 0 43370
2 611 62 148 0 43370
1 612 31 8 0 43870
2 612 62 148 0 43870
1 613 31 8 0 44370
2 613 62 148 0 44370
1 614 31 8 0 44870
2 614 62 148 0 44870
1 615 31 8 0 45370
2 615 62 148 0 45370
1 616 31 8 0 45870
2 616 62 148 0 45870
1 617 31 8 0 46370
2 617 62 148 0 46370
1 618 31 8 0 46870
2 618 62 148 0 46870
1 619 31 8 0 47370
2 619 62 148 0 47370
1 620 31 8 0 47870
2 620 62 148 0 47870
1 621 31 8 0 48370
2 621 62 148 0 48370
1 622 31 8 0 48870
2 622 62 148 0 48870
1 623 31 8 0 49370
2 623 62 148 0 49370
1 624 31 8 0 49870
2 624 62 148 0 49870
1 625 31 8 0 50370
2 625 62 148 0 50370
1 626 31 8 0 50870
2 626 62 148 0 50870
1 627 31 8 0 51370
2 627 62 148 0 51370
1 628 31 8 0 51870
2 628 62 148 0 51870
1 629 31 8 0 52370
2 629 62 148 0 52370
1 630 31 8 0 52870
2 630 62 148 0 52870
1 631 31 8 0 53370
2 631 62 148 0 53370
1 632 31 8 0 53870
1 633 31 8 0 54370
2 633 62 148 0 54370
2 632 62 148 0 53870
1 634 31 8 0 54870
2 634 62 148 0 54870
1 635 31 8 0 55370
2 635 62 148 0 55370
1 636 31 8 0 55870
2 636 62 148 0 55870
1 637 31 8 0 56370
2 637 62 148 0 56370
1 638 31 8 0 56870
2 638 62 148 0 56870
1 639 31 8 0 57370
2 639 62 148 0 57370
1 640 31 8 0 57870
2 640 62 148 0 57870
1 641 31 8 0 58370
2 641 62 148 0 58370
1 642 31 8 0 58870
2 642 62 148 0 58870
1 643 31 8 0 59370
2 643 62 148 0 59370
1 644 31 8 0 59870
2 644 62 148 0 59870
1 645 31 8 0 60370
2 645 62 148 0 60370
1 646 31 8 0 60870
1 647 31 8 0 61370
2 647 62 148 0 61370
2 646 62 148 0 60870
1 648 31 8 0 61870
2 648 62 148 0 61870
1 649 31 8 0 62370
2 649 62 148 0 62370
1 650 31 8 0 62870
2 650 62 148 0 62870
1 651 31 8 0 63370
2 651 62 148 0 63370
1 652 31 8 0 63870
2 652 62 148 0 63870
1 653 31 8 0 64370
2 653 62 148 0 64370
1 654 31 8 0 64870
2 654 62 148 0 64870
1 655 31 8 0 65370
2 655 62 148 0 65370
1 656 31 8 0 334
2 656 62 148 0 334
1 657 31 8 0 834
2 657 62 148 0 834
1 658 31 8 0 1334
2 658 62 148 0 1334
1 659 31 8 0 1834
2 659 62 148 0 1834
1 660 31 8 0 2334
2 660 62 148 0 2334
1 661 31 8 0 2834
2 661 62 148 0 2834
1 662 31 8 0 3334
2 662 62 148 0 3334
1 663 31 8 0 3834
2 663 62 148 0 3834
1 664 31 8 0 4334
2 664 62 148 0 4334
1 665 31 8 0 4834
2 665 62 148 0 4834
1 666 31 8 0 5334
2 666 62 148 0 5334
1 667 31 8 0 5834
2 667 62 148 0 5834
1 668 31 8 0 6334
2 668 62 148 0 6334
1 669 31 8 0 6834
2 669 62 148 0 6834
1 670 31 8 0 7334
2 670 62 148 0 7334
1 671 31 8 0 7834
2 671 62 148 0 7834
1 672 31 8 0 8334
2 672 62 148 0 8334
1 673 31 8 0 8834
2 673 62 148 0 8834
1 674 31 8 0 9334
2 674 62 148 0 9334
1 675 31 8 0 9834
2 675 62 148 0 9834
1 676 31 8 0 10334
2 676 62 148 0 10334
1 677 31 8 0 10834
2 677 62 148 0 10834
1 678 31 8 0 11334
2 678 62 148 0 11334
1 679 31 8 0 11834
2 679 62 148 0 11834
1 680 31 8 0 12334
2 680 62 148 0 12334
1 681 31 8 0 12834
2 681 62 148 0 12834
1 682 31 8 0 13334
2 682 62 148 0 13334
1 683 31 8 0 13834
2 683 62 148 0 13834
1 684 31 8 0 14334
2 684 62 148 0 14334
1 685 31 8 0 14834
2 685 62 148 0 14834
1 686 31 8 0 15334
2 686 62 148 0 15334
1 687 31 8 0 15834
2 687 62 148 0 15834
1 688 31 8 0 16334
2 688 62 148 0 16334
1 689 31 8 0 16834
2 689 62 148 0 16834
1 690 31 8 0 17334
2 690 62 148 0 17334
1 691 31 8 0 17834
2 691 62 148 0 17834
1 692 31 8 0 18334
2 692 62 148 0 18334
1 693 31 8 0 18834
2 693 62 148 0 18834
1 694 31 8 0 19334
2 694 62 148 0 19334
1 695 31 8 0 19834
2 695 62 148 0 19834
1 696 31 8 0 20334
2 696 62 148 0 20334
1 697 31 8 0 20834
2 697 62 148 0 20834
1 698 31 8 0 21334
2 698 62 148 0 21334
1 699 31 8 0 21834
2 699 62 148 0 21834
1 700 31 8 0 22334
2 700 62 148 0 22334
1 701 31 8 0 22834
2 701 62 148 0 22834
1 702 31 8 0 23334
2 702 62 148 0 23334
1 703 31 8 0 23834
2 703 62 148 0 23834
1 704 31 8 0 24334
2 704 62 148 0 24334
1 705 31 8 0 24834
2 705 62 148 0 24834
1 706 31 8 0 25334
2 706 62 148 0 25334
1 707 31 8 0 25834
2 707 62 148 0 25834
1 708 31 8 0 26334
2 708 62 148 0 26334
1 709 31 8 0 26834
2 709 62 148 0 26834
1 710 31 8 0 27334
2 710 62 148 0 27334
1 711 31 8 0 27834
2 711 62 148 0 27834
1 712 31 8 0 28334
2 712 62 148 0 28334
1 713 31 8 0 28834
2 713 62 148 0 28834
1 714 31 8 0 29334
2 714 62 148 0 29334
1 715 31 8 0 29834
2 715 62 148 0 29834
1 716 31 8 0 30334
2 716 62 148 0 30334
1 717 31 8 0 30834
2 717 62 148 0 30834
1 718 31 8 0 31334
2 718 62 148 0 31334
1 719 31 8 0 31834
2 719 62 148 0 31834
1 720 31 8 0 32334
2 720 62 148 0 32334
1 721 31 8 0 32834
2 721 62 148 0 32834
1 722 31 8 0 33334
2 722 62 148 0 33334
1 723 31 8 0 33834
1 724 31 8 0 34334
2 724 62 148 0 34334
2 723 62 148 0 33834
1 725 31 8 0 34834
2 725 62 148 0 34834
1 726 31 8 0 35334
2 726 62 148 0 35334
1 727 31 8 0 35834
2 727 62 148 0 35834
1 728 31 8 0 36334
2 728 62 148 0 36334
1 729 31 8 0 36834
2 729 62 148 1 36834
1 730 31 8 0 37334
2 730 62 148 0 37334
1 731 31 8 0 37834
2 731 62 148 0 37834
1 732 31 8 0 38334
2 732 62 148 0 38334
1 733 31 8 0 38834
2 733 62 148 0 38834
1 734 31 8 0 39334
1 735 31 8 0 39834
2 735 62 148 0 39834
2 734 62 148 0 39334
1 736 31 8 0 40334
2 736 62 148 0 40334
1 737 31 8 0 40834
2 737 62 148 0 40834
1 738 31 8 0 41334
2 738 62 148 0 41334
1 739 31 8 0 41834
2 739 62 148 0 41834
1 740 31 8 0 42334
2 740 62 148 0 42334
1 741 31 8 0 42834
2 741 62 148 0 42834
1 742 31 8 0 43334
2 742 62 148 0 43334
1 743 31 8 0 43834
2 743 62 148 0 43834
1 744 31 8 0 44334
2 744 62 148 0 44334
1 745 31 8 0 44834
2 745 62 148 0 44834
1 746 31 8 0 45334
2 746 62 148 0 45334
1 747 31 8 0 45834
2 747 62 148 0 45834
1 748 31 8 0 46334
2 748 62 148 0 46334
1 749 31 8 0 46834
2 749 62 148 0 46834
1 750 31 8 0 47334
2 750 62 148 0 47334
1 751 31 8 0 47834
2 751 62 148 0 47834
1 752 31 8 0 48334
2 752 62 148 0 48334
1 753 31 8 0 48834
2 753 62 148 0 48834
1 754 31 8 0 49334
2 754 62 148 0 49334
1 755 31 8 0 49834
2 755 62 148 0 49834
1 756 31 8 0 50334
2 756 62 148 0 50334
1 757 31 8 0 50834
2 757 62 148 0 50834
1 758 31 8 0 51334
2 758 62 148 0 51334
1 759 31 8 0 51834
2 759 62 148 0 51834
1 760 31 8 0 52334
2 760 62 148 0 52334
1 761 31 8 0 52834
2 761 62 148 0 52834
1 762 31 8 0 53334
2 762 62 148 0 53334
1 763 31 8 0 53834
2 763 62 148 0 53834
1 764 31 8 0 54334
2 764 62 148 0 54334
1 765 31 8 0 54834
2 765 62 148 0 54834
1 766 31 8 0 55334
2 766 62 148 0 55334
1 767 31 8 0 55834
2 767 62 148 0 55834
1 768 31 8 0 56334
2 768 62 148 0 56334
1 769 31 8 0 56834
2 769 62 148 0 56834
1 770 31 8 0 57334
2 770 62 148 0 57334
1 771 31 8 0 57834
2 771 62 148 0 57834
1 772 31 8 0 58334
2 772 62 148 0 58334
1 773 31 8 0 58834
2 773 62 148 0 58834
1 774 31 8 0 59334
2 774 62 148 0 59334
1 775 31 8 0 59834
2 775 62 148 0 59834
1 776 31 8 0 60334
2 776 62 148 0 60334
1 777 31 8 0 60834
2 777 62 148 0 60834
1 778 31 8 0 61334
2 778 62 148 0 61334
1 779 31 8 0 61834
2 779 62 148 0 61834
1 780 31 8 0 62334
2 780 62 148 0 62334
1 781 31 8 0 62834
2 781 62 148 0 62834
1 782 31 8 0 63334
2 782 62 148 0 63334
1 783 31 8 0 63834
2 783 62 148 0 63834
1 784 31 8 0 64334
2 784 62 148 0 64334
1 785 31 8 0 64834
2 785 62 148 0 64834
1 786 31 8 0 65334
2 786 62 148 0 65334
1 787 31 8 0 298
2 787 62 148 0 298
1 788 31 8 0 798
2 788 62 148 0 798
1 789 31 8 0 1298
2 789 62 148 0 1298
1 790 31 8 0 1798
2 790 62 148 0 1798
1 791 31 8 0 2298
2 791 62 148 0 2298
1 792 31 8 0 2798
2 792 62 148 0 2798
1 793 31 8 0 3298
2 793 62 148 0 3298
1 794 31 8 0 3798
2 794 62 148 0 3798
1 795 31 8 0 4298
2 795 62 148 0 4298
1 796 31 8 0 4798
1 797 31 8 0 5298
2 797 62 148 0 5298
2 796 62 148 0 4798
1 798 31 8 0 5798
2 798 62 148 0 5798
1 799 31 8 0 6298
2 799 62 148 0 6298
1 800 31 8 0 6798
2 800 62 148 0 6798
1 801 31 8 0 7298
2 801 62 148 0 7298
1 802 31 8 0 7798
2 802 62 148 0 7798
1 803 31 8 0 8298
2 803 62 148 0 8298
1 804 31 8 0 8798
2 804 62 148 0 8798
1 805 31 8 0 9298
2 805 62 148 0 9298
1 806 31 8 0 9798
2 806 62 148 0 9798
1 807 31 8 0 10298
1 808 31 8 0 10798
2 808 62 148 0 10798
2 807 62 148 0 10298
1 809 31 8 0 11298
2 809 62 148 0 11298
1 810 31 8 0 11798
2 810 62 148 0 11798
1 811 31 8 0 12298
2 811 62 148 0 12298
1 812 31 8 0 12798
2 812 62 148 0 12798
1 813 31 8 0 13298
2 813 62 148 0 13298
1 814 31 8 0 13798
2 814 62 148 0 13798
1 815 31 8 0 14298
2 815 62 148 0 14298
1 816 31 8 0 14798
2 816 62 148 0 14798
1 817 31 8 0 15298
2 817 62 148 0 15298
1 818 31 8 0 15798
2 818 62 148 0 15798
1 819 31 8 0 16298
2 819 62 148 0 16298
1 820 31 8 0 16798
2 820 62 148 0 16798
1 821 31 8 0 17298
2 821 62 148 0 17298
1 822 31 8 0 17798
2 822 62 148 0 17798
1 823 31 8 0 18298
2 823 62 148 0 18298
1 824 31 8 0 18798
2 824 62 148 0 18798
1 825 31 8 0 19298
1 826 31 8 0 19798
2 826 62 148 0 19798
2 825 62 148 0 19298
1 827 31 8 0 20298
2 827 62 148 0 20298
1 828 31 8 0 20798
2 828 62 148 0 20798
1 829 31 8 0 21298
2 829 62 148 0 21298
1 830 31 8 0 21798
2 830 62 148 0 21798
1 831 31 8 0 22298
2 831 62 148 0 22298
1 832 31 8 0 22798
2 832 62 148 0 22798
1 833 31 8 0 23298
2 833 62 148 0 23298
1 834 31 8 0 23798
2 834 62 148 0 23798
1 835 31 8 0 24298
2 835 62 148 0 24298
1 836 31 8 0 24798
2 836 62 148 0 24798
1 837 31 8 0 25298
2 837 62 148 0 25298
1 838 31 8 0 25798
2 838 62 148 0 25798
1 839 31 8 0 26298
2 839 62 148 0 26298
1 840 31 8 0 26798
2 840 62 148 0 26798
1 841 31 8 0 27298
2 841 62 148 0 27298
1 842 31 8 0 27798
2 842 62 148 0 27798
1 843 31 8 0 28298
2 843 62 148 0 28298
1 844 31 8 0 28798
2 844 62 148 0 28798
1 845 31 8 0 29298
2 845 62 148 0 29298
1 846 31 8 0 29798
2 846 62 148 0 29798
1 847 31 8 0 30298
2 847 62 148 0 30298
1 848 31 8 0 30798
2 848 62 148 0 30798
1 849 31 8 0 31298
2 849 62 148 0 31298
1 850 31 8 0 31798
2 850 62 148 0 31798
1 851 31 8 0 32298
2 851 62 148 0 32298
1 852 31 8 0 32798
2 852 62 148 0 32798
1 853 31 8 0 33298
2 853 62 148 0 33298
1 854 31 8 0 33798
2 854 62 148 0 33798
1 855 31 8 0 34298
2 855 62 148 0 34298
1 856 31 8 0 34798
2 856 62 148 0 34798
1 857 31 8 0 35298
1 858 31 8 0 35798
2 858 62 148 0 35798
2 857 62 148 0 35298
1 859 31 8 0 36298
2 859 62 148 0 36298
1 860 31 8 0 36798
2 860 62 148 0 36798
1 861 31 8 0 37298
2 861 62 148 0 37298
1 862 31 8 0 37798
2 862 62 148 0 37798
1 863 31 8 0 38298
2 863 62 148 0 38298
1 864 31 8 0 38798
2 864 62 148 0 38798
1 865 31 8 0 39298
1 866 31 8 0 39798
2 866 62 148 0 39798
2 865 62 148 0 39298
1 867 31 8 0 40298
2 867 62 148 0 40298
1 868 31 8 0 40798
2 868 62 148 0 40798
1 869 31 8 0 41298
2 869 62 148 0 41298
1 870 31 8 0 41798
2 870 62 148 0 41798
1 871 31 8 0 42298
2 871 62 148 0 42298
1 872 31 8 0 42798
2 872 62 148 0 42798
1 873 31 8 0 43298
2 873 62 148 0 43298
1 874 31 8 0 43798
2 874 62 148 0 43798
1 875 31 8 0 44298
2 875 62 148 0 44298
1 876 31 8 0 44798
2 876 62 148 0 44798
1 877 31 8 0 45298
2 877 62 148 0 45298
1 878 31 8 0 45798
2 878 62 148 0 45798
1 879 31 8 0 46298
2 879 62 148 0 46298
1 880 31 8 0 46798
2 880 62 148 0 46798
1 881 31 8 0 47298
2 881 62 148 0 47298
1 882 31 8 0 47798
2 882 62 148 0 47798
1 883 31 8 0 48298
2 883 62 148 0 48298
1 884 31 8 0 48798
2 884 62 148 0 48798
1 885 31 8 0 49298
2 885 62 148 0 49298
1 886 31 8 0 49798
2 886 62 148 0 49798
1 887 31 8 0 50298
2 887 62 148 0 50298
1 888 31 8 0 50798
2 888 62 148 0 50798
1 889 31 8 0 51298
2 889 62 148 0 51298
1 890 31 8 0 51798
2 890 62 148 0 51798
1 891 31 8 0 52298
2 891 62 148 0 52298
1 892 31 8 0 52798
2 892 62 148 0 52798
1 893 31 8 1 53298
2 893 62 148 0 53298
1 894 31 8 0 53798
2 894 62 148 0 53798
1 895 31 8 0 54298
2 895 62 148 0 54298
1 896 31 8 0 54798
2 896 62 148 0 54798
1 897 31 8 0 55298
2 897 62 148 0 55298
1 898 31 8 0 55798
2 898 62 148 0 55798
1 899 31 8 0 56298
2 899 62 148 0 56298
1 900 31 8 0 56798
2 900 62 148 0 56798
1 901 31 8 0 57298
2 901 62 148 0 57298
1 902 31 8 0 57798
2 902 62 148 0 57798
1 903 31 8 0 58298
2 903 62 148 0 58298
1 904 31 8 0 58798
2 904 62 148 0 58798
1 905 31 8 0 59298
2 905 62 148 0 59298
1 906 31 8 0 59798
2 906 62 148 0 59798
1 907 31 8 0 60298
2 907 62 148 0 60298
1 908 31 8 0 60798
2 908 62 148 0 60798
1 909 31 8 0 61298
2 909 62 148 0 61298
1 910 31 8 0 61798
2 910 62 148 0 61798
1 911 31 8 0 62298
2 911 62 148 0 62298
1 912 31 8 0 62798
2 912 62 148 0 62798
1 913 31 8 0 63298
2 913 62 148 0 63298
1 914 31 8 0 63798
2 914 62 148 0 63798
1 915 31 8 0 64298
2 915 62 148 0 64298
1 916 31 8 0 64798
2 916 62 148 0 64798
1 917 31 8 0 65298
2 917 62 148 0 65298
1 918 31 8 0 262
2 918 62 148 0 262
1 919 31 8 0 762
2 919 62 148 0 762
1 920 31 8 0 1262  
2 920 62 148 0 1262
1 921 31 8 0 1762
2 921 62 148 0 1762
1 922 31 8 0 2262
2 922 62 148 0 2262
1 923 31 8 0 2762
2 923 62 148 0 2762
1 924 31 8 0 3262
2 924 62 148 0 3262
1 925 31 8 0 3762
2 925 62 148 0 3762
1 926 31 8 0 4262
2 926 62 148 0 4262
1 927 31 8 0 4762
2 927 62 148 0 4762
1 928 31 8 0 5262
2 928 62 148 0 5262
1 929 31 8 0 5762
2 929 62 148 0 5762
1 930 31 8 0 6262
2 930 62 148 0 6262
1 931 31 8 0 6762
2 931 62 148 0 6762
1 932 31 8 0 7262
2 932 62 148 0 7262
1 933 31 8 0 7762
2 933 62 148 0 7762
1 934 31 8 0 8262
2 934 62 148 0 8262
1 935 31 8 0 8762
2 935 62 148 0 8762
1 936 31 8 0 9262
2 936 62 148 0 9262
1 937 31 8 0 9762
2 937 62 148 0 9762
1 938 31 8 0 10262
2 938 62 148 0 10262
1 939 31 8 0 10762
2 939 62 148 0 10762
1 940 31 8 0 11262
2 940 62 148 0 11262
1 941 31 8 0 11762
2 941 62 148 0 11762
1 942 31 8 0 12262
2 942 62 148 0 12262
1 943 31 8 0 12762
2 943 62 148 0 12762
1 944 31 8 0 13262
2 944 62 148 0 13262
1 945 31 8 0 13762
2 945 62 148 0 13762
1 946 31 8 0 14262
2 946 63 148 0 14262
1 947 31 8 0 14762
2 947 62 148 0 14762
1 948 31 8 0 15262
2 948 62 148 0 15262
1 949 31 8 0 15762
2 949 62 148 0 15762
1 950 31 8 0 16262
2 950 62 148 0 16262
1 951 31 8 0 16762
2 951 62 148 0 16762
1 952 31 8 0 17262
2 952 62 148 0 17262
1 953 31 8 0 17762
2 953 62 148 0 17762
1 954 31 8 0 18262
2 954 62 148 0 18262
1 955 31 8 0 18762
2 955 62 148 0 18762
1 956 31 8 0 19262
2 956 63 148 0 19262
1 957 31 8 0 19762
2 957 62 148 0 19762
1 958 31 8 0 20262
2 958 62 148 0 20262
1 959 31 8 0 20762
2 959 62 148 0 20762
1 960 31 8 0 21262
2 960 62 148 0 21262
1 961 31 8 0 21762
2 961 63 148 0 21762
1 962 31 8 0 22262
2 962 62 148 0 22262
1 963 31 8 0 22762
2 963 62 148 0 22762
1 964 31 8 0 23262
2 964 63 148 0 23262
1 965 31 8 0 23762
2 965 63 148 0 23762
1 966 31 8 0 24262
2 966 63 148 0 24262
1 967 31 8 0 24762
1 968 31 8 0 25262
2 968 63 148 0 25262
2 967 63 148 0 24762
1 969 31 8 0 25762
2 969 63 148 0 25762
1 970 31 8 0 26262
2 970 63 148 0 26262
1 971 31 8 0 26762
2 971 63 148 0 26762
1 972 31 8 0 27262
2 972 63 148 0 27262
1 973 31 8 0 27762
2 973 63 148 0 27762
1 974 31 8 0 28262
2 974 63 148 0 28262
1 975 31 8 0 28762
2 975 63 148 0 28762
1 976 31 8 0 29262
2 976 63 148 0 29262
1 977 31 8 0 29762
2 977 63 148 0 29762
1 978 31 8 0 30262
2 978 63 148 0 30262
1 979 31 8 0 30762
2 979 63 148 0 30762
1 980 31 8 0 31262
2 980 63 148 0 31262
1 981 31 8 0 31762
2 981 63 148 0 31762
1 982 31 8 0 32262
2 982 63 148 0 32262
1 983 31 8 0 32762
2 983 63 148 0 32762
1 984 31 8 0 33262
2 984 63 148 0 33262
1 985 31 8 0 33762
2 985 63 148 0 33762
1 986 31 8 0 34262
2 986 62 148 0 34262
1 987 31 8 0 34762
2 987 63 148 0 34762
1 988 31 8 0 35262
2 988 63 148 0 35262
1 989 31 8 0 35762
2 989 63 148 0 35762
1 990 31 8 0 36262
2 990 63 148 0 36262
1 991 31 8 0 36762
2 991 63 148 0 36762
1 992 31 8 0 37262
2 992 63 148 0 37262
1 993 31 8 0 37762
2 993 63 148 0 37762
1 994 31 8 0 38262
2 994 62 148 0 38262
1 995 31 8 0 38762
2 995 63 148 0 38762
1 996 31 8 0 39262
2 996 62 148 0 39262
1 997 31 8 0 39762
2 997 62 148 0 39762
1 998 31 8 0 40262
2 998 62 148 0 40262
1 999 31 8 0 40762
2 999 62 148 0 40762
1 1000 31 8 0 41262
1 1001 31 8 0 41762
2 1001 62 148 0 41762
2 1000 62 148 0 41262
1 1002 31 8 0 42262
2 1002 62 148 0 42262
1 1003 31 8 0 42762
2 1003 62 148 0 42762
1 1004 31 8 0 43262
2 1004 62 148 0 43262
1 1005 31 8 0 43762
2 1005 62 148 0 43762
1 1006 31 8 0 44262
2 1006 62 148 0 44262
1 1007 31 8 0 44762
2 1007 62 148 0 44762
1 1008 31 8 0 45262
2 1008 62 148 0 45262
1 1009 31 8 0 45762
2 1009 62 148 0 45762
1 1010 31 8 0 46262
2 1010 62 148 0 46262
1 1011 31 8 0 46762
2 1011 62 148 0 46762
1 1012 31 8 0 47262
2 1012 62 148 0 47262
1 1013 31 8 0 47762
2 1013 62 148 0 47762
1 1014 31 8 0 48262
2 1014 62 148 0 48262
1 1015 31 8 0 48762
2 1015 62 148 0 48762
1 1016 31 8 0 49262
2 1016 62 148 0 49262
1 1017 31 8 0 49762
2 1017 62 148 0 49762
1 1018 31 8 0 50262
2 1018 62 148 0 50262
1 1019 31 8 0 50762
2 1019 62 148 0 50762
1 1020 31 8 0 51262
2 1020 62 148 0 51262
1 1021 31 8 0 51762
2 1021 62 148 0 51762
1 1022 31 8 0 52262
2 1022 62 148 0 52262
1 1023 31 8 0 52762
2 1023 62 148 0 52762
1 1024 31 8 0 53262
2 1024 62 148 0 53262
1 1025 31 8 0 53762
2 1025 62 148 0 53762
1 1026 31 8 0 54262
2 1026 62 148 0 54262
1 1027 31 8 0 54762
2 1027 62 148 0 54762
1 1028 31 8 0 55262
2 1028 62 148 0 55262
1 1029 31 8 0 55762
2 1029 62 148 0 55762
1 1030 31 8 0 56262
2 1030 62 148 0 56262
1 1031 31 8 0 56762
2 1031 62 148 0 56762
1 1032 31 8 0 57262
2 1032 62 148 0 57262
1 1033 31 8 0 57762
2 1033 62 148 0 57762
1 1034 31 8 0 58262
2 1034 62 148 0 58262
1 1035 31 8 0 58762
2 1035 62 148 0 58762
1 1036 31 8 0 59262
2 1036 62 148 0 59262
1 1037 31 8 0 59762
2 1037 62 148 0 59762
1 1038 31 8 0 60262
2 1038 62 148 0 60262
1 1039 31 8 0 60762
2 1039 62 148 0 60762
1 1040 31 8 0 61262
2 1040 62 148 0 61262
1 1041 31 8 0 61762
2 1041 62 148 0 61762
1 1042 31 8 0 62262
2 1042 62 148 0 62262
1 1043 31 8 0 62762
2 1043 62 148 0 62762
1 1044 31 8 0 63262
2 1044 62 148 0 63262
1 1045 31 8 0 63762
2 1045 62 148 0 63762
1 1046 31 8 0 64262
2 1046 62 148 0 64262
1 1047 31 8 0 64762
2 1047 62 148 0 64762
1 1048 31 8 0 65262
2 1048 63 148 0 65262
1 1049 31 8 0 226
2 1049 62 148 0 226
1 1050 31 8 0 726
2 1050 63 148 0 726
1 1051 31 8 0 1226
2 1051 62 148 0 1226
1 1052 31 8 0 1726
2 1052 62 148 0 1726
1 1053 31 8 0 2226
2 1053 62 148 0 2226
1 1054 31 8 0 2726
2 1054 62 148 0 2726
1 1055 31 8 0 3226
2 1055 62 148 0 3226
1 1056 31 8 0 3726
2 1056 62 148 0 3726
1 1057 31 8 0 4226
2 1057 62 148 0 4226
1 1058 31 8 0 4726
2 1058 62 148 0 4726
1 1059 31 8 0 5226
2 1059 62 148 0 5226
1 1060 31 8 0 5726
2 1060 62 148 0 5726
1 1061 31 8 0 6226
2 1061 62 148 0 6226
1 1062 31 8 0 6726
2 1062 62 148 0 6726
1 1063 31 8 0 7226
2 1063 62 148 0 7226
1 1064 31 8 0 7726
2 1064 62 148 0 7726
1 1065 31 8 0 8226
2 1065 62 148 0 8226
1 1066 31 8 0 8726
2 1066 62 148 0 8726
1 1067 31 8 0 9226
2 1067 62 148 0 9226
1 1068 31 8 0 9726
2 1068 62 148 0 9726
1 1069 31 8 0 10226
2 1069 62 148 0 10226
1 1070 31 8 0 10726
2 1070 62 148 0 10726
1 1071 31 8 0 11226
2 1071 62 148 0 11226
1 1072 31 8 0 11726
2 1072 62 148 0 11726
1 1073 31 8 0 12226
2 1073 62 148 0 12226
1 1074 31 8 0 12726
2 1074 62 148 0 12726
1 1075 31 8 0 13226
2 1075 62 148 0 13226
1 1076 31 8 0 13726
2 1076 63 148 0 13726
1 1077 31 8 0 14226
2 1077 62 148 0 14226
1 1078 31 8 0 14726
2 1078 62 148 0 14726
1 1079 31 8 0 15226
2 1079 62 148 0 15226
1 1080 31 8 0 15726
2 1080 62 148 0 15726
1 1081 31 8 0 16226
2 1081 62 148 0 16226
1 1082 31 8 0 16726
2 1082 62 148 0 16726
1 1083 31 8 0 17226
2 1083 62 148 0 17226
1 1084 31 8 0 17726
2 1084 62 148 0 17726
1 1085 31 8 0 18226
2 1085 62 148 0 18226
1 1086 31 8 0 18726
2 1086 62 148 0 18726
1 1087 31 8 0 19226
2 1087 62 148 0 19226
1 1088 31 8 0 19726
2 1088 62 148 0 19726
1 1089 31 8 0 20226
2 1089 62 148 0 20226
1 1090 31 8 0 20726
2 1090 62 148 0 20726
1 1091 31 8 0 21226
1 1092 31 8 0 21726
2 1092 62 148 0 21726
2 1091 62 148 0 21226
1 1093 31 8 0 22226
2 1093 63 148 0 22226
1 1094 31 8 0 22726
2 1094 63 148 0 22726
1 1095 31 8 0 23226
2 1095 63 148 0 23226
1 1096 31 8 0 23726
2 1096 62 148 0 23726
1 1097 31 8 0 24226
2 1097 63 148 0 24226
1 1098 31 8 0 24726
2 1098 62 148 0 24726
1 1099 31 8 0 25226
2 1099 62 148 0 25226
1 1100 31 8 0 25726
2 1100 62 148 0 25726
1 1101 31 8 0 26226
2 1101 62 148 0 26226
1 1102 31 8 0 26726
2 1102 62 148 0 26726
1 1103 31 8 0 27226
2 1103 63 148 0 27226
1 1104 31 8 0 27726
2 1104 62 148 0 27726
1 1105 31 8 0 28226
2 1105 63 148 0 28226
1 1106 31 8 0 28726
2 1106 62 148 0 28726
1 1107 31 8 0 29226
2 1107 62 148 0 29226
1 1108 31 8 0 29726
2 1108 62 148 0 29726
1 1109 31 8 0 30226
2 1109 62 148 0 30226
1 1110 31 8 0 30726
2 1110 62 148 0 30726
1 1111 31 8 0 31226
2 1111 62 148 0 31226
1 1112 31 8 0 31726
2 1112 62 148 0 31726
1 1113 31 8 0 32226
2 1113 62 148 0 32226
1 1114 31 8 0 32726
2 1114 62 148 0 32726
1 1115 31 8 0 33226
2 1115 63 148 0 33226
1 1116 31 9 0 33726
2 1116 62 148 0 33726
1 1117 31 9 0 34226
2 1117 62 148 0 34226
1 1118 31 10 0 34726
2 1118 62 148 0 34726
1 1119 31 11 0 35226
2 1119 62 148 0 35226
1 1120 31 12 0 35726
2 1120 62 148 0 35726
1 1121 31 12 0 36226
2 1121 62 148 0 36226
1 1122 31 13 0 36726
2 1122 62 148 0 36726
1 1123 31 13 0 37226
2 1123 62 148 0 37226
1 1124 31 13 0 37726
2 1124 62 148 0 37726
1 1125 31 13 0 38226
2 1125 62 148 0 38226
1 1126 31 13 0 38726
2 1126 62 148 0 38726
1 1127 31 13 0 39226
2 1127 63 148 0 39226
1 1128 31 13 0 39726
2 1128 63 148 0 39726
1 1129 31 13 0 40226
2 1129 63 148 0 40226
1 1130 31 13 0 40726
2 1130 62 148 0 40726
1 1131 31 13 0 41226
2 1131 63 148 0 41226
1 1132 31 13 0 41726
2 1132 62 148 0 41726
1 1133 31 13 0 42226
2 1133 63 148 0 42226
1 1134 31 12 0 42726
2 1134 62 148 0 42726
1 1135 31 12 0 43226
2 1135 62 148 0 43226
1 1136 31 12 0 43726
2 1136 62 148 0 43726
1 1137 31 12 0 44226
2 1137 62 148 0 44226
1 1138 31 12 0 44726
2 1138 62 148 0 44726
1 1139 31 11 0 45226
2 1139 62 148 0 45226
1 1140 31 11 0 45726
2 1140 62 148 0 45726
1 1141 31 11 0 46226
2 1141 62 148 0 46226
1 1142 31 11 0 46726
1 1143 31 11 0 47226
2 1143 62 148 0 47226
2 1142 62 148 0 46726
1 1144 31 11 0 47726
2 1144 62 148 0 47726
1 1145 31 10 0 48226
2 1145 62 148 0 48226
1 1146 31 10 0 48726
2 1146 62 148 0 48726
1 1147 31 10 0 49226
2 1147 62 148 0 49226
1 1148 31 10 0 49726
2 1148 62 148 0 49726
1 1149 31 10 0 50226
2 1149 62 148 0 50226
1 1150 31 10 0 50726
2 1150 62 148 0 50726
1 1151 31 10 0 51226
2 1151 62 148 0 51226
1 1152 31 10 0 51726
2 1152 62 148 0 51726
1 1153 31 10 0 52226
2 1153 62 148 0 52226
1 1154 31 10 0 52726
2 1154 62 148 0 52726
1 1155 31 10 0 53226
2 1155 62 148 0 53226
1 1156 31 9 0 53726
2 1156 62 148 0 53726
1 1157 31 9 0 54226
2 1157 62 148 0 54226
1 1158 31 9 0 54726
2 1158 62 148 0 54726
1 1159 31 9 0 55226
2 1159 62 148 0 55226
1 1160 31 9 0 55726
2 1160 62 148 0 55726
1 1161 31 9 0 56226
2 1161 62 148 0 56226
1 1162 31 9 0 56726
2 1162 62 148 0 56726
1 1163 31 9 0 57226
2 1163 62 148 0 57226
1 1164 31 9 0 57726
2 1164 62 148 0 57726
1 1165 31 9 0 58226
2 1165 62 148 0 58226
1 1166 31 9 0 58726
2 1166 62 148 0 58726
1 1167 31 9 0 59226
2 1167 62 148 0 59226
1 1168 31 9 0 59726
2 1168 62 148 0 59726
1 1169 31 9 0 60226
2 1169 62 148 0 60226
1 1170 31 9 0 60726
2 1170 62 148 0 60726
1 1171 31 9 0 61226
2 1171 62 148 0 61226
1 1172 31 9 0 61726
2 1172 62 148 0 61726
1 1173 31 9 0 62226
2 1173 62 148 0 62226
1 1174 31 9 0 62726
2 1174 62 148 0 62726
1 1175 31 9 0 63226
2 1175 62 148 0 63226
1 1176 31 9 0 63726
2 1176 62 148 0 63726
1 1177 31 9 0 64226
2 1177 62 148 0 64226
1 1178 31 9 0 64726
2 1178 62 148 0 64726
1 1179 31 9 0 65226
2 1179 62 148 0 65226
1 1180 31 9 0 190
2 1180 62 148 0 190
1 1181 31 9 0 690
2 1181 62 148 0 690
1 1182 31 9 0 1190
2 1182 62 148 0 1190
1 1183 31 9 0 1690
2 1183 62 148 0 1690
1 1184 31 9 0 2190
2 1184 62 148 0 2190
1 1185 31 9 0 2690
2 1185 62 148 0 2690
1 1186 31 9 0 3190
2 1186 62 148 0 3190
1 1187 31 9 0 3690
2 1187 62 148 0 3690
1 1188 31 9 0 4190
2 1188 62 148 0 4190
1 1189 31 9 0 4690
2 1189 62 148 0 4690
1 1190 31 9 0 5190
2 1190 62 148 0 5190
1 1191 31 9 0 5690
2 1191 62 148 0 5690
1 1192 31 9 0 6190
2 1192 62 148 0 6190
1 1193 31 9 0 6690
2 1193 62 148 0 6690
1 1194 31 9 0 7190
2 1194 62 148 0 7190
1 1195 31 9 0 7690
2 1195 62 148 0 7690
1 1196 31 9 0 8190
2 1196 62 148 0 8190
1 1197 31 9 0 8690
2 1197 62 148 0 8690
1 1198 31 9 0 9190
2 1198 62 148 0 9190
1 1199 31 9 0 9690
2 1199 62 148 0 9690
1 1200 31 9 0 10190
2 1200 62 148 0 10190
