1 58 32 8 0 2754
2 44 63 148 0 2019
1 59 32 8 0 2754
2 45 63 148 0 2019
1 60 32 8 0 2754
2 46 63 148 0 2309
1 61 32 8 0 3060
2 47 63 148 0 2309
1 62 32 8 0 3060
2 48 63 148 0 2309
1 63 32 8 0 3060
2 49 63 148 0 2309
1 64 32 8 0 3060
2 50 63 148 0 2309
1 65 32 8 0 3060
2 51 63 148 0 2309
1 66 32 8 0 3060
2 52 63 148 0 2597
1 67 32 8 0 3365
2 53 63 148 0 2597
1 68 32 8 0 3365
2 54 63 148 0 2597
1 69 32 8 0 3365
2 55 63 148 0 2597
1 70 32 8 0 3365
2 56 63 148 0 2597
1 71 32 8 0 3365
2 57 63 148 0 2597
1 72 32 8 0 3365
2 58 63 148 0 2885
1 73 32 8 0 3365
2 59 63 148 0 2885
1 74 32 8 0 3670
2 60 63 148 0 2885
1 75 32 8 0 3670
2 61 63 148 0 2885
1 76 32 8 0 3670
2 62 63 148 0 2885
1 77 32 8 0 3670
2 63 63 148 0 2885
1 78 32 8 0 3670
2 64 63 148 0 3174
1 79 32 8 0 3670
2 65 63 148 0 3174
1 80 32 8 0 3976
2 66 63 148 0 3174
1 81 32 8 0 3976
2 67 63 148 0 3174
1 82 32 8 0 3976
2 68 63 148 0 3174
1 83 32 8 0 3976
2 69 63 148 0 3463
1 84 32 8 0 3976
2 70 63 148 0 3463
1 85 32 8 0 3976
2 71 63 148 0 3463
1 86 32 8 0 4283
2 72 63 148 0 3463
1 87 32 8 0 4283
2 73 63 148 0 3463
1 88 32 8 0 4283
2 74 63 148 0 3463
1 89 32 8 0 4283
2 75 63 148 0 3750
1 90 32 8 0 4283
2 76 63 148 0 3750
1 91 32 8 0 4283
2 77 63 148 0 3750
1 92 32 8 0 4590
2 78 63 148 0 3750
1 93 32 8 0 4590
2 79 63 148 0 3750
1 94 32 8 0 4590
2 80 63 148 0 3750
1 95 32 8 0 4590
2 81 63 148 0 4040
1 96 32 8 0 4590
2 82 63 148 0 4040
1 97 32 8 0 4590
2 83 63 148 0 4040
1 98 32 8 0 4895
2 84 63 148 0 4040
1 99 32 8 0 4895
2 85 63 148 0 4040
1 100 32 8 0 4895
2 86 63 148 0 4040
1 101 32 8 0 4895
2 87 63 148 1 4329
1 102 32 8 0 4895
2 88 63 148 0 4329
1 103 32 8 0 4895
2 89 63 148 0 4329
1 104 32 8 0 5204
2 90 63 148 0 4329
1 105 32 8 0 5204
2 91 63 148 0 4329
1 106 32 8 0 5204
2 92 63 148 0 4329
1 107 32 8 0 5204
2 93 63 148 0 4618
1 108 32 8 0 5204
2 94 63 148 0 4618
1 109 32 8 0 5204
2 95 63 148 0 4618
1 110 32 8 0 5509
2 96 63 148 0 4618
1 111 32 8 0 5509
2 97 63 148 0 4618
1 112 32 8 0 5509
2 98 63 148 0 4908
1 113 32 8 0 5509
2 99 63 148 0 4908
1 114 32 8 0 5509
2 100 63 148 0 4908
1 115 32 8 0 5509
2 101 63 148 0 4908
1 116 32 8 0 5814
2 102 63 148 0 4908
1 117 32 8 0 5814
2 103 63 148 0 4908
1 118 32 8 0 5814
2 104 63 148 0 5196
1 119 32 8 0 5814
2 105 63 148 0 5196
1 120 32 8 0 5814
2 106 63 148 0 5196
1 121 32 8 0 5814
2 107 63 148 0 5196
1 122 32 8 0 5814
2 108 63 148 0 5196
1 123 32 8 0 6119
2 109 63 148 0 5196
1 124 32 8 0 6119
2 110 63 148 0 5483
1 125 32 8 0 6119
2 111 63 148 0 5483
1 126 32 8 0 6119
2 112 63 148 0 5483
1 127 32 8 0 6119
2 113 63 148 0 5483
1 128 32 8 0 6119
2 114 63 148 0 5483
1 129 32 8 0 6424
2 115 63 148 0 5483
1 130 32 8 0 6424
2 116 63 148 0 5770
1 131 32 8 0 6424
2 117 63 148 0 5770
1 132 32 8 0 6424
2 118 63 148 0 5770
1 133 32 8 0 6424
2 119 63 148 0 5770
1 134 32 8 0 6424
2 120 63 148 0 5770
1 135 32 8 0 6728
2 121 63 148 0 6059
1 136 32 8 0 6728
2 122 63 148 0 6059
1 137 32 8 0 6728
2 123 63 148 0 6059
1 138 32 8 0 6728
2 124 63 148 0 6059
1 139 32 8 0 6728
2 125 63 148 0 6059
1 140 32 8 0 6728
2 126 63 148 0 6059
1 141 32 8 0 7035
2 127 63 148 0 6347
1 142 32 8 0 7035
2 128 63 148 0 6347
1 143 32 8 0 7035
2 129 63 148 0 6347
1 144 32 8 0 7035
2 130 63 148 0 6347
1 145 32 8 0 7035
2 131 63 148 0 6347
1 146 32 8 0 7035
2 132 63 148 0 6347
1 147 32 8 0 7341
2 133 63 148 0 6634
1 148 32 8 0 7341
2 134 63 148 0 6634
1 149 32 8 0 7341
2 135 63 148 0 6634
1 150 32 8 0 7341
2 136 63 148 0 6634
1 151 32 8 0 7341
2 137 63 148 0 6634
1 152 32 8 0 7341
2 138 63 148 0 6634
1 153 31 8 0 7646
2 139 63 148 0 6923
1 154 31 8 0 7646
2 140 63 148 0 6923
1 155 31 8 0 7646
2 141 63 148 0 6923
1 156 31 8 0 7646
2 142 63 148 0 6923
1 157 31 8 0 7646
2 143 63 148 0 6923
1 158 31 8 0 7646
2 144 63 148 0 7210
1 159 31 8 0 7952
2 145 63 148 0 7210
1 160 31 8 0 7952
2 146 63 148 0 7210
1 161 31 8 0 7952
2 147 63 148 0 7210
1 162 31 8 0 7952
2 148 63 148 0 7210
1 163 31 8 0 7952
2 149 63 148 0 7210
1 164 31 8 0 7952
2 150 63 148 0 7497
1 165 31 8 0 8257
2 151 63 148 0 7497
1 166 31 8 0 8257
1 167 31 8 0 8257
2 153 63 148 0 7497
1 168 31 8 0 8257
2 152 63 148 0 7497
2 154 63 148 0 7497
1 169 31 8 0 8257
2 155 63 148 0 7497
1 170 31 8 0 8257
2 156 63 148 0 7784
1 171 31 8 0 8562
2 157 63 148 0 7784
1 172 31 8 0 8562
2 158 63 148 0 7784
1 173 31 8 0 8562
2 159 63 148 0 7784
1 174 31 8 0 8562
2 160 63 148 0 7784
1 175 31 8 0 8562
2 161 63 148 0 7784
1 176 31 8 0 8562
2 162 63 148 0 8072
1 177 31 8 0 8562
2 163 63 148 0 8072
1 178 31 8 0 8869
2 164 63 148 0 8072
1 179 31 8 0 8869
2 165 63 148 0 8072
1 180 31 8 0 8869
2 166 63 148 0 8072
1 181 31 8 0 8869
2 167 63 148 0 8359
1 182 31 8 0 8869
2 168 63 148 0 8359
1 183 31 8 0 8869
2 169 63 148 0 8359
1 184 31 8 0 9173
2 170 63 148 0 8359
1 185 31 8 0 9173
2 171 63 148 0 8359
1 186 31 8 0 9173
2 172 63 148 0 8359
1 187 31 8 0 9173
2 173 63 148 0 8646
1 188 31 8 0 9173
2 174 63 148 0 8646
1 189 31 8 0 9173
2 175 63 148 0 8646
1 190 31 8 0 9480
2 176 63 148 0 8646
1 191 31 8 0 9480
2 177 63 148 0 8646
1 192 31 8 0 9480
2 178 63 148 0 8646
1 193 31 8 0 9480
2 179 63 148 0 8933
1 194 31 8 0 9480
2 180 63 148 0 8933
1 195 31 8 0 9480
2 181 63 148 0 8933
1 196 31 8 0 9786
2 182 63 148 0 8933
1 197 31 8 0 9786
2 183 63 148 0 8933
1 198 31 8 0 9786
2 184 63 148 0 8933
1 199 31 8 0 9786
2 185 63 148 0 9222
1 200 31 8 0 9786
2 186 63 148 0 9222
1 201 31 8 0 9786
1 202 31 8 0 10091
2 188 63 148 0 9222
1 203 31 8 0 10091
2 189 63 148 0 9222
2 187 63 148 0 9222
1 204 31 8 0 10091
2 190 63 148 0 9509
1 205 31 8 0 10091
2 191 63 148 0 9509
1 206 31 8 0 10091
2 192 63 148 0 9509
1 207 31 8 0 10091
2 193 63 148 0 9509
1 208 31 8 0 10395
2 194 63 148 0 9509
1 209 31 8 0 10395
1 210 31 8 0 10395
2 196 63 148 0 9796
1 211 31 8 0 10395
2 197 63 148 0 9796
2 195 63 148 0 9509
1 212 31 8 0 10395
2 198 63 148 0 9796
1 213 31 8 0 10395
2 199 63 148 0 9796
1 214 31 8 0 10702
2 200 63 148 0 9796
1 215 31 8 0 10702
2 201 63 148 0 9796
1 216 31 8 0 10702
2 202 63 148 0 10085
1 217 31 8 0 10702
2 203 63 148 0 10085
1 218 31 8 0 10702
2 204 63 148 0 10085
1 219 31 8 0 10702
2 205 63 148 0 10085
1 220 31 8 0 11007
2 206 63 148 0 10085
1 221 31 8 0 11007
2 207 63 148 0 10085
1 222 31 8 0 11007
2 208 63 148 0 10373
1 223 31 8 0 11007
2 209 63 148 0 10373
1 224 31 8 0 11007
2 210 63 148 0 10373
1 225 31 8 0 11007
2 211 63 148 0 10373
1 226 31 8 0 11312
2 212 63 148 0 10373
1 227 31 8 0 11312
2 213 63 148 0 10660
1 228 31 8 0 11312
2 214 63 148 0 10660
1 229 31 8 0 11312
2 215 63 148 0 10660
1 230 31 8 0 11312
2 216 63 148 0 10660
1 231 31 8 0 11312
2 217 63 148 0 10660
1 232 31 8 0 11312
2 218 63 148 0 10660
1 233 31 8 0 11616
2 219 63 148 0 10947
1 234 31 8 0 11616
2 220 63 148 0 10947
1 235 31 8 0 11616
2 221 63 148 0 10947
1 236 31 8 0 11616
2 222 63 148 0 10947
1 237 31 8 0 11616
2 223 63 148 0 10947
1 238 31 8 0 11616
2 224 63 148 0 10947
1 239 31 8 0 11923
2 225 63 148 0 11234
1 240 31 8 0 11923
2 226 63 148 0 11234
1 241 31 8 0 11923
2 227 63 148 0 11234
1 242 31 8 0 11923
2 228 63 148 0 11234
1 243 31 8 0 11923
2 229 63 148 0 11234
1 244 31 8 0 11923
2 230 63 148 0 11234
1 245 31 8 0 12228
2 231 63 148 0 11524
1 246 31 8 0 12228
2 232 63 148 0 11524
1 247 31 8 0 12228
2 233 63 148 0 11524
1 248 31 8 0 12228
2 234 63 148 0 11524
1 249 31 8 0 12228
2 235 63 148 0 11524
1 250 31 8 0 12228
2 236 63 148 0 11811
1 251 31 8 0 12534
2 237 63 148 0 11811
1 252 31 8 0 12534
2 238 63 148 0 11811
1 253 31 8 0 12534
2 239 63 148 0 11811
1 254 31 8 0 12534
2 240 63 148 0 11811
1 255 31 8 0 12534
2 241 63 148 0 11811
1 256 31 8 0 12534
2 242 63 148 0 12100
1 257 31 8 0 12839
2 243 63 148 0 12100
1 258 31 8 0 12839
2 244 63 148 0 12100
1 259 31 8 0 12839
2 245 63 148 0 12100
1 260 31 8 0 12839
2 246 63 148 0 12100
1 261 31 8 0 12839
2 247 63 148 0 12100
1 262 31 8 0 12839
2 248 63 148 0 12390
1 263 31 8 0 13145
2 249 63 148 0 12390
1 264 31 8 0 13145
2 250 63 148 0 12390
1 265 31 8 0 13145
2 251 63 148 0 12390
1 266 31 8 0 13145
2 252 63 148 0 12390
1 267 31 8 0 13145
2 253 63 148 0 12390
1 268 31 8 0 13145
2 254 63 148 0 12681
1 269 31 8 0 13455
2 255 63 148 0 12681
1 270 31 8 0 13455
2 256 63 148 0 12681
1 271 31 8 0 13455
2 257 63 148 0 12681
1 272 31 8 0 13455
2 258 63 148 0 12681
1 273 31 8 0 13455
2 259 63 148 0 12681
1 274 31 8 0 13455
2 260 63 148 0 12969
1 275 31 8 0 13759
2 261 63 148 0 12969
1 276 31 8 0 13759
2 262 63 148 0 12969
1 277 31 8 0 13759
2 263 63 148 0 12969
1 278 31 8 0 13759
2 264 63 148 0 12969
1 279 31 8 0 13759
2 265 63 148 0 13258
1 280 31 8 0 13759
2 266 63 148 0 13258
1 281 31 8 0 14065
2 267 63 148 0 13258
1 282 31 8 0 14065
2 268 63 148 0 13258
1 283 31 8 0 14065
2 269 63 148 0 13258
1 284 31 8 0 14065
2 270 63 148 0 13258
1 285 31 8 0 14065
2 271 63 148 0 13545
1 286 31 8 0 14065
2 272 63 148 0 13545
1 287 31 8 0 14065
2 273 63 148 0 13545
1 288 31 8 0 14369
2 274 63 148 0 13545
1 289 31 8 0 14369
2 275 63 148 0 13545
1 290 31 8 0 14369
2 276 63 148 0 13545
1 291 31 8 0 14369
2 277 63 148 0 13832
1 292 31 8 0 14369
2 278 63 148 0 13832
1 293 31 8 0 14369
2 279 63 148 0 13832
1 294 31 8 0 14674
2 280 63 148 0 13832
1 295 31 8 0 14674
1 296 31 8 0 14674
2 282 63 148 0 13832
1 297 31 8 0 14674
2 281 63 148 0 13832
2 283 63 148 0 14120
1 298 31 8 0 14674
2 284 63 148 0 14120
1 299 31 8 0 14674
2 285 63 148 0 14120
1 300 31 8 0 14980
2 286 63 148 0 14120
1 301 31 8 0 14980
2 287 63 148 0 14120
1 302 31 8 0 14980
2 288 63 148 0 14408
1 303 31 8 0 14980
2 289 63 148 0 14408
1 304 31 8 0 14980
2 290 63 148 0 14408
1 305 31 8 0 14980
2 291 63 148 0 14408
1 306 31 8 0 15285
2 292 63 148 0 14408
1 307 31 8 0 15285
2 293 63 148 0 14408
1 308 31 8 0 15285
2 294 63 148 0 14695
1 309 31 8 0 15285
2 295 63 148 0 14695
1 310 31 8 0 15285
2 296 63 148 0 14695
1 311 31 8 0 15285
1 312 31 8 0 15590
2 298 63 148 0 14695
1 313 31 8 0 15590
2 297 63 148 0 14695
2 299 63 148 0 14695
1 314 31 8 0 15590
2 300 63 148 0 14983
1 315 31 8 0 15590
2 301 63 148 0 14983
1 316 31 8 0 15590
2 302 63 148 0 14983
1 317 31 8 0 15590
2 303 63 148 0 14983
1 318 31 8 0 15895
2 304 63 148 0 14983
1 319 31 8 0 15895
2 305 63 148 0 14983
1 320 31 8 0 15895
2 306 63 148 0 15270
1 321 31 8 0 15895
2 307 63 148 0 15270
1 322 31 8 0 15895
2 308 63 148 0 15270
1 323 31 8 0 15895
2 309 63 148 0 15270
1 324 31 8 0 16202
2 310 63 148 0 15270
1 325 31 8 0 16202
2 311 63 148 0 15557
1 326 31 8 0 16202
2 312 63 148 0 15557
1 327 31 8 0 16202
2 313 63 148 0 15557
1 328 31 8 0 16202
2 314 63 148 0 15557
1 329 31 8 0 16202
2 315 63 148 0 15557
1 330 31 8 0 16508
2 316 63 148 0 15557
1 331 31 8 0 16508
2 317 63 148 0 15844
1 332 31 8 0 16508
2 318 63 148 0 15844
1 333 31 8 0 16508
2 319 63 148 0 15844
1 334 31 8 0 16508
2 320 63 148 0 15844
1 335 31 8 0 16508
2 321 63 148 0 15844
1 336 31 8 0 16813
2 322 63 148 0 15844
1 337 31 8 0 16813
2 323 63 148 0 16133
1 338 31 8 0 16813
2 324 63 148 0 16133
1 339 31 8 0 16813
2 325 63 148 0 16133
1 340 31 8 0 16813
2 326 63 148 0 16133
1 341 31 8 0 16813
2 327 63 148 0 16133
1 342 31 8 0 16813
2 328 63 148 0 16133
1 343 31 8 0 17119
2 329 63 148 0 16422
1 344 31 8 0 17119
2 330 63 148 0 16422
1 345 31 8 0 17119
2 331 63 148 0 16422
1 346 31 8 0 17119
2 332 63 148 0 16422
1 347 31 8 0 17119
2 333 63 148 0 16422
1 348 31 8 0 17119
2 334 63 148 0 16711
1 349 31 8 0 17423
2 335 63 148 0 16711
1 350 31 8 0 17423
2 336 63 148 0 16711
1 351 31 8 0 17423
2 337 63 148 0 16711
1 352 31 8 0 17423
2 338 63 148 0 16711
1 353 31 8 0 17423
2 339 63 148 0 16711
1 354 31 8 0 17423
2 340 63 148 0 16998
1 355 31 8 0 17728
2 341 63 148 0 16998
1 356 31 8 0 17728
2 342 63 148 0 16998
1 357 31 8 0 17728
2 343 63 148 0 16998
1 358 31 8 0 17728
2 344 63 148 0 16998
1 359 31 8 0 17728
2 345 63 148 0 16998
1 360 31 8 0 17728
2 346 63 148 0 17287
1 361 31 8 0 18034
2 347 63 148 0 17287
1 362 31 8 0 18034
2 348 63 148 0 17287
1 363 31 8 0 18034
2 349 63 148 0 17287
1 364 31 8 0 18034
2 350 63 148 0 17287
1 365 31 8 0 18034
2 351 63 148 0 17287
1 366 31 8 0 18034
2 352 63 148 0 17575
1 367 31 8 0 18339
2 353 63 148 0 17575
1 368 31 8 0 18339
2 354 63 148 0 17575
1 369 31 8 0 18339
2 355 63 148 0 17575
1 370 31 8 0 18339
2 356 63 148 0 17575
1 371 31 8 0 18339
2 357 63 148 0 17862
1 372 31 8 0 18339
2 358 63 148 0 17862
1 373 31 8 0 18643
2 359 63 148 0 17862
1 374 31 8 0 18643
2 360 63 148 0 17862
1 375 31 8 0 18643
2 361 63 148 0 17862
1 376 31 8 0 18643
2 362 63 148 0 17862
1 377 31 8 0 18643
2 363 63 148 0 18151
1 378 31 8 0 18643
2 364 63 148 0 18151
1 379 31 8 0 18950
2 365 63 148 0 18151
1 380 31 8 0 18950
2 366 63 148 0 18151
1 381 31 8 0 18950
2 367 63 148 0 18151
1 382 31 8 0 18950
2 368 63 148 0 18151
1 383 31 8 0 18950
2 369 63 148 0 18440
1 384 31 8 0 18950
2 370 63 148 0 18440
1 385 31 8 0 19255
2 371 63 148 0 18440
1 386 31 8 0 19255
2 372 63 148 0 18440
1 387 31 8 0 19255
2 373 63 148 0 18440
1 388 31 8 0 19255
2 374 63 148 0 18440
1 389 31 8 0 19255
2 375 63 148 0 18729
1 390 31 8 0 19255
2 376 63 148 0 18729
1 391 31 8 0 19560
2 377 63 148 0 18729
1 392 31 8 0 19560
2 378 63 148 0 18729
1 393 31 8 0 19560
2 379 63 148 0 18729
1 394 31 8 0 19560
2 380 63 148 0 18729
1 395 31 8 0 19560
2 381 63 148 0 19019
1 396 31 8 0 19560
2 382 63 148 0 19019
1 397 31 8 0 19865
2 383 63 148 0 19019
1 398 31 8 0 19865
2 384 63 148 0 19019
1 399 31 7 0 19865
2 385 63 148 0 19019
1 400 31 7 0 19865
2 386 63 148 0 19310
1 401 31 7 0 19865
2 387 63 148 0 19310
1 402 31 7 0 19865
2 388 63 148 0 19310
1 403 31 7 0 19865
2 389 63 148 0 19310
1 404 31 7 0 20170
2 390 63 148 0 19310
1 405 31 8 0 20170
2 391 63 148 0 19310
1 406 31 8 0 20170
2 392 63 148 0 19597
1 407 31 8 0 20170
2 393 63 148 0 19597
1 408 31 8 0 20170
2 394 63 148 0 19597
1 409 31 8 0 20170
2 395 63 148 0 19597
1 410 31 8 0 20475
2 396 63 148 0 19597
1 411 31 8 0 20475
2 397 63 148 0 19597
1 412 31 8 0 20475
2 398 63 148 0 19886
1 413 31 8 0 20475
2 399 63 148 0 19886
1 414 31 8 0 20475
2 400 63 148 0 19886
1 415 31 8 0 20475
2 401 63 148 0 19886
1 416 31 8 0 20781
2 402 63 148 0 19886
1 417 31 7 0 20781
2 403 63 148 0 19886
1 418 31 7 0 20781
2 404 63 148 0 20175
1 419 31 7 0 20781
2 405 63 148 0 20175
1 420 31 7 0 20781
2 406 63 148 0 20175
1 421 31 7 0 20781
2 407 63 148 0 20175
1 422 31 7 0 21087
2 408 63 148 0 20175
1 423 31 8 0 21087
2 409 63 148 0 20462
1 424 31 8 0 21087
2 410 63 148 0 20462
1 425 31 8 0 21087
2 411 63 148 0 20462
1 426 31 8 0 21087
2 412 63 148 0 20462
1 427 31 8 0 21087
2 413 63 148 0 20462
1 428 31 8 0 21392
2 414 63 148 0 20462
1 429 31 8 0 21392
2 415 63 148 0 20750
1 430 31 8 0 21392
2 416 63 148 0 20750
1 431 31 8 0 21392
2 417 63 148 0 20750
1 432 31 8 0 21392
2 418 63 148 0 20750
1 433 31 8 0 21392
2 419 63 148 0 20750
1 434 31 8 0 21698
2 420 63 148 0 20750
1 435 31 8 0 21698
2 421 63 148 0 21039
1 436 31 7 0 21698
2 422 63 148 0 21039
1 437 31 7 0 21698
2 423 63 148 0 21039
1 438 31 7 0 21698
2 424 63 148 0 21039
1 439 31 7 0 21698
2 425 63 148 0 21039
1 440 31 7 0 22004
2 426 63 148 0 21039
1 441 31 7 0 22004
2 427 63 148 0 21327
1 442 31 7 0 22004
2 428 63 148 0 21327
1 443 31 7 0 22004
2 429 63 148 0 21327
1 444 31 7 0 22004
2 430 63 148 0 21327
1 445 31 7 0 22004
2 431 63 148 0 21327
1 446 31 7 0 22308
2 432 63 148 0 21614
1 447 31 7 0 22308
2 433 63 148 0 21614
1 448 31 7 0 22308
2 434 63 148 0 21614
1 449 31 7 0 22308
2 435 63 148 0 21614
1 450 31 7 0 22308
2 436 63 148 0 21614
1 451 31 7 0 22308
2 437 63 148 0 21614
1 452 31 7 0 22614
2 438 63 148 0 21901
1 453 31 7 0 22614
2 439 63 148 0 21901
1 454 31 7 0 22614
2 440 63 148 0 21901
1 455 31 7 0 22614
2 441 63 148 0 21901
1 456 31 7 0 22614
2 442 63 148 0 21901
1 457 31 7 0 22614
2 443 63 148 0 21901
1 458 31 7 0 22614
2 444 63 148 0 22190
1 459 31 7 0 22919
2 445 63 148 0 22190
1 460 31 8 0 22919
2 446 63 148 0 22190
1 461 31 8 0 22919
2 447 63 148 0 22190
1 462 31 8 0 22919
2 448 63 148 0 22190
1 463 31 8 0 22919
2 449 63 148 0 22190
1 464 31 8 0 22919
2 450 63 148 0 22477
1 465 31 8 0 23224
2 451 63 148 0 22477
1 466 31 8 0 23224
2 452 63 148 0 22477
1 467 31 8 0 23224
2 453 63 148 0 22477
1 468 31 8 0 23224
2 454 63 148 0 22477
1 469 31 8 0 23224
2 455 63 148 0 22765
1 470 31 8 0 23224
2 456 63 148 0 22765
1 471 31 8 0 23528
2 457 63 148 0 22765
1 472 31 8 0 23528
1 473 31 8 0 23528
2 459 63 148 0 22765
1 474 31 8 0 23528
2 460 63 148 0 22765
2 458 63 148 0 22765
1 475 31 8 0 23528
2 461 63 148 0 23055
1 476 31 8 0 23528
2 462 63 148 0 23055
1 477 31 8 0 23835
2 463 63 148 0 23055
1 478 31 8 0 23835
2 464 63 148 0 23055
1 479 31 8 0 23835
2 465 63 148 0 23055
1 480 31 8 0 23835
2 466 63 148 0 23055
1 481 31 8 0 23835
2 467 63 148 0 23343
1 482 31 8 0 23835
2 468 63 148 0 23343
1 483 31 8 0 24140
2 469 63 148 0 23343
1 484 31 7 0 24140
2 470 63 148 0 23343
1 485 31 7 0 24140
2 471 63 148 0 23343
1 486 31 7 0 24140
2 472 63 148 0 23343
1 487 31 7 0 24140
2 473 63 148 0 23632
1 488 31 7 0 24140
2 474 63 148 0 23632
1 489 31 7 0 24445
2 475 63 148 0 23632
1 490 31 7 0 24445
2 476 63 148 0 23632
1 491 31 7 0 24445
2 477 63 148 0 23632
1 492 31 7 0 24445
2 478 63 148 0 23632
1 493 31 7 0 24445
2 479 63 148 0 23919
1 494 31 7 0 24445
2 480 63 148 0 23919
1 495 31 7 0 24751
2 481 63 148 1 23919
1 496 31 7 0 24751
2 482 63 148 0 23919
1 497 31 7 0 24751
2 483 63 148 0 23919
1 498 31 7 0 24751
2 484 63 148 0 24206
1 499 31 7 0 24751
2 485 63 148 0 24206
1 500 31 7 0 24751
2 486 63 148 0 24206
1 501 31 7 0 25056
2 487 63 148 0 24206
1 502 31 7 0 25056
2 488 63 148 0 24206
1 503 31 7 0 25056
2 489 63 148 0 24206
1 504 31 7 0 25056
2 490 63 148 0 24493
1 505 31 7 0 25056
2 491 63 148 0 24493
1 506 31 7 0 25056
2 492 63 148 0 24493
1 507 31 7 0 25361
2 493 63 148 0 24493
1 508 31 7 0 25361
2 494 63 148 0 24493
1 509 31 7 0 25361
2 495 63 148 0 24493
1 510 31 7 0 25361
2 496 63 148 0 24781
1 511 31 7 0 25361
2 497 63 148 0 24781
1 512 31 7 0 25361
2 498 63 148 0 24781
1 513 31 7 0 25665
2 499 63 148 0 24781
1 514 31 7 0 25665
2 500 63 148 0 24781
1 515 31 7 0 25665
2 501 63 148 0 24781
1 516 31 7 0 25665
2 502 63 148 0 25069
1 517 31 7 0 25665
2 503 63 148 0 25069
1 518 31 7 0 25665
2 504 63 148 0 25069
1 519 31 7 0 25665
2 505 63 148 0 25069
1 520 31 7 0 25971
2 506 63 148 0 25069
1 521 31 7 0 25971
2 507 63 148 0 25359
1 522 31 7 0 25971
2 508 63 148 0 25359
1 523 31 7 0 25971
2 509 63 148 0 25359
1 524 31 7 0 25971
2 510 63 148 0 25359
1 525 31 7 0 25971
2 511 63 148 0 25359
1 526 31 7 0 26275
2 512 63 148 0 25359
1 527 31 7 0 26275
2 513 63 148 0 25646
1 528 31 7 0 26275
2 514 63 148 0 25646
1 529 31 7 0 26275
2 515 63 148 0 25646
1 530 31 7 0 26275
2 516 63 148 0 25646
1 531 31 7 0 26275
2 517 63 148 0 25646
1 532 31 7 0 26580
2 518 63 148 0 25646
1 533 31 8 0 26580
2 519 63 148 0 25935
1 534 31 8 0 26580
2 520 63 148 0 25935
1 535 31 8 0 26580
2 521 63 148 0 25935
1 536 31 8 0 26580
2 522 63 148 0 25935
1 537 31 8 0 26580
2 523 63 148 0 25935
1 538 31 8 0 26885
2 524 63 148 0 25935
1 539 31 7 0 26885
2 525 63 148 0 26222
1 540 31 7 0 26885
2 526 63 148 0 26222
1 541 31 7 0 26885
2 527 63 148 0 26222
1 542 31 7 0 26885
2 528 63 148 0 26222
1 543 31 7 0 26885
2 529 63 148 0 26222
1 544 31 7 0 27190
2 530 63 148 0 26510
1 545 31 7 0 27190
2 531 63 148 0 26510
1 546 31 7 0 27190
2 532 63 148 0 26510
1 547 31 7 0 27190
2 533 63 148 1 26510
1 548 31 7 0 27190
2 534 63 148 0 26510
1 549 31 7 0 27190
2 535 63 148 0 26510
1 550 31 7 0 27497
2 536 63 148 0 26797
1 551 31 7 0 27497
2 537 63 148 0 26797
1 552 31 7 0 27497
2 538 63 148 0 26797
1 553 31 7 0 27497
2 539 63 148 0 26797
1 554 31 7 0 27497
2 540 63 148 0 26797
1 555 31 7 0 27497
2 541 63 148 0 26797
1 556 31 7 0 27805
2 542 63 148 0 27086
1 557 31 7 0 27805
2 543 63 148 0 27086
1 558 31 7 0 27805
2 544 63 148 0 27086
1 559 31 7 0 27805
2 545 63 148 0 27086
1 560 31 7 0 27805
2 546 63 148 0 27086
1 561 31 7 0 27805
2 547 63 148 0 27086
1 562 31 7 0 28110
2 548 63 148 0 27373
1 563 31 7 0 28110
2 549 63 148 0 27373
1 564 31 7 0 28110
2 550 63 148 0 27373
1 565 31 7 0 28110
2 551 63 148 0 27373
1 566 31 7 0 28110
2 552 63 148 0 27373
1 567 31 7 0 28110
2 553 63 148 0 27660
1 568 31 7 0 28415
2 554 63 148 0 27660
1 569 31 7 0 28415
2 555 63 148 0 27660
1 570 31 7 0 28415
2 556 63 148 0 27660
1 571 31 7 0 28415
2 557 63 148 0 27660
1 572 31 7 0 28415
2 558 63 148 0 27660
1 573 31 7 0 28415
2 559 63 148 0 27948
1 574 31 7 0 28415
2 560 63 148 0 27948
1 575 31 7 0 28719
2 561 63 148 0 27948
1 576 31 7 0 28719
2 562 63 148 0 27948
1 577 31 7 0 28719
2 563 63 148 0 27948
1 578 31 7 0 28719
2 564 63 148 0 27948
1 579 31 7 0 28719
2 565 63 148 0 28235
1 580 31 7 0 28719
2 566 63 148 0 28235
1 581 31 7 0 29025
2 567 63 148 0 28235
1 582 31 7 0 29025
2 568 63 148 0 28235
1 583 31 7 0 29025
2 569 63 148 0 28235
1 584 31 7 0 29025
2 570 63 148 0 28235
1 585 31 7 0 29025
2 571 63 148 0 28522
1 586 31 7 0 29025
2 572 63 148 0 28522
1 587 31 7 0 29331
2 573 63 148 0 28522
1 588 31 8 0 29331
2 574 63 148 0 28522
1 589 31 8 0 29331
2 575 63 148 0 28522
1 590 31 8 0 29331
2 576 63 148 0 28810
1 591 31 8 0 29331
2 577 63 148 0 28810
1 592 31 8 0 29331
2 578 63 148 0 28810
1 593 31 8 0 29636
2 579 63 148 0 28810
1 594 31 8 0 29636
2 580 63 148 0 28810
1 595 31 8 0 29636
2 581 63 148 0 28810
1 596 31 8 0 29636
1 597 31 8 0 29636
2 583 63 148 0 29097
1 598 31 8 0 29636
2 584 63 148 0 29097
2 582 63 148 0 29097
1 599 31 8 0 29941
2 585 63 148 0 29097
1 600 31 8 0 29941
2 586 63 148 0 29097
1 601 31 8 0 29941
2 587 63 148 0 29097
1 602 31 8 0 29941
2 588 63 148 0 29384
1 603 31 8 0 29941
2 589 63 148 0 29384
1 604 31 8 0 29941
2 590 63 148 0 29384
1 605 31 8 0 30246
2 591 63 148 0 29384
1 606 31 7 0 30246
2 592 63 148 0 29384
1 607 31 7 0 30246
2 593 63 148 0 29384
1 608 31 7 0 30246
2 594 63 148 0 29673
1 609 31 7 0 30246
2 595 63 148 0 29673
1 610 31 7 0 30246
2 596 63 148 0 29673
1 611 31 7 0 30553
2 597 63 148 0 29673
1 612 31 7 0 30553
2 598 63 148 0 29673
1 613 31 8 0 30553
2 599 63 148 0 29960
1 614 31 8 0 30553
2 600 63 148 0 29960
1 615 31 8 0 30553
2 601 63 148 0 29960
1 616 31 8 0 30553
2 602 63 148 0 29960
1 617 31 8 0 30859
2 603 63 148 0 29960
1 618 31 8 0 30859
2 604 63 148 0 29960
1 619 31 7 0 30859
2 605 63 148 0 30247
1 620 31 7 0 30859
2 606 63 148 0 30247
1 621 31 7 0 30859
2 607 63 148 0 30247
1 622 31 7 0 30859
2 608 63 148 0 30247
1 623 31 7 0 31164
2 609 63 148 0 30247
1 624 31 7 0 31164
2 610 63 148 0 30247
1 625 31 7 0 31164
2 611 63 148 0 30534
1 626 31 7 0 31164
2 612 63 148 0 30534
1 627 31 7 0 31164
2 613 63 148 0 30534
1 628 31 7 0 31164
2 614 63 148 0 30534
1 629 31 7 0 31164
2 615 63 148 0 30534
1 630 31 7 0 31469
2 616 63 148 0 30534
1 631 31 7 0 31469
2 617 63 148 0 30821
1 632 31 7 0 31469
2 618 63 148 0 30821
1 633 31 7 0 31469
2 619 63 148 0 30821
1 634 31 7 0 31469
2 620 63 148 0 30821
1 635 31 7 0 31469
2 621 63 148 0 30821
1 636 31 7 0 31773
2 622 63 148 0 31110
1 637 31 7 0 31773
2 623 63 148 0 31110
1 638 31 7 0 31773
2 624 63 148 0 31110
1 639 31 7 0 31773
2 625 63 148 0 31110
1 640 31 7 0 31773
2 626 63 148 0 31110
1 641 31 7 0 31773
2 627 63 148 0 31110
1 642 31 7 0 32080
2 628 63 148 0 31397
1 643 31 7 0 32080
2 629 63 148 0 31397
1 644 31 7 0 32080
2 630 63 148 0 31397
1 645 31 7 0 32080
2 631 63 148 0 31397
1 646 31 7 0 32080
2 632 63 148 0 31397
1 647 31 7 0 32080
2 633 63 148 0 31397
1 648 31 7 0 32385
2 634 63 148 0 31685
1 649 31 7 0 32385
2 635 63 148 0 31685
1 650 31 7 0 32385
2 636 63 148 0 31685
1 651 31 7 0 32385
2 637 63 148 0 31685
1 652 31 7 0 32385
2 638 63 148 0 31685
1 653 31 7 0 32385
2 639 63 148 0 31685
1 654 31 7 0 32690
2 640 63 148 0 31974
1 655 31 7 0 32690
2 641 63 148 0 31974
1 656 31 7 0 32690
2 642 63 148 0 31974
1 657 31 7 0 32690
2 643 63 148 0 31974
1 658 31 7 0 32690
2 644 63 148 0 31974
1 659 31 7 0 32690
2 645 63 148 0 32263
1 660 31 7 0 32997
2 646 63 148 0 32263
1 661 31 7 0 32997
2 647 63 148 0 32263
1 662 31 7 0 32997
2 648 63 148 0 32263
1 663 31 7 0 32997
2 649 63 148 0 32263
1 664 31 7 0 32997
2 650 63 148 0 32263
1 665 31 7 0 32997
2 651 63 148 0 32551
1 666 31 7 0 33304
2 652 63 148 0 32551
1 667 31 7 0 33304
2 653 63 148 0 32551
1 668 31 7 0 33304
1 669 31 7 0 33304
2 655 63 148 0 32551
2 656 63 148 0 32551
1 671 31 7 0 33304
2 657 63 148 0 32841
1 672 31 7 0 33608
2 658 63 148 0 32841
1 673 31 7 0 33608
2 659 63 148 0 32841
1 674 31 7 0 33608
2 660 63 148 0 32841
1 675 31 7 0 33608
2 661 63 148 0 32841
1 676 31 7 0 33608
2 662 63 148 0 32841
1 677 31 7 0 33608
2 663 63 148 0 33130
1 678 31 7 0 33914
2 664 63 148 0 33130
1 679 31 7 0 33914
2 665 63 148 0 33130
1 680 31 7 0 33914
2 666 63 148 0 33130
1 681 31 7 0 33914
2 667 63 148 0 33130
1 682 31 7 0 33914
2 668 63 148 0 33130
1 683 31 7 0 33914
1 670 31 7 0 33304
2 654 63 148 0 32551
2 669 63 148 0 33419
1 684 31 7 0 33914
2 670 63 148 0 33419
1 685 31 7 0 34219
2 671 63 148 0 33419
1 686 31 7 0 34219
2 672 63 148 0 33419
1 687 31 7 0 34219
2 673 63 148 0 33419
1 688 31 7 0 34219
2 674 63 148 0 33706
1 689 31 7 0 34219
2 675 63 148 0 33706
1 690 31 7 0 34219
2 676 63 148 0 33706
1 691 31 7 0 34523
2 677 63 148 0 33706
1 692 31 7 0 34523
2 678 63 148 0 33706
1 693 31 7 0 34523
2 679 63 148 0 33706
1 694 31 7 0 34523
2 680 63 148 1 33993
1 695 31 7 0 34523
2 681 63 148 0 33993
1 696 31 7 0 34523
2 682 63 148 0 33993
1 697 31 7 0 34828
2 683 63 148 0 33993
1 698 31 7 0 34828
2 684 63 148 0 33993
1 699 31 7 0 34828
2 685 63 148 0 33993
1 700 31 7 0 34828
2 686 63 148 0 34281
1 701 31 7 0 34828
2 687 63 148 0 34281
1 702 31 7 0 34828
2 688 63 148 0 34281
1 703 31 7 0 35134
2 689 63 148 0 34281
1 704 31 8 0 35134
2 690 63 148 0 34281
1 705 31 8 0 35134
2 691 63 148 0 34281
1 706 31 8 0 35134
2 692 63 148 0 34569
1 707 31 8 0 35134
2 693 63 148 0 34569
1 708 31 8 0 35134
2 694 63 148 0 34569
1 709 31 8 0 35440
2 695 63 148 0 34569
1 710 31 8 0 35440
2 696 63 148 0 34569
1 711 31 8 0 35440
2 697 63 148 0 34856
1 712 31 8 0 35440
2 698 63 148 0 34856
1 713 31 8 0 35440
2 699 63 148 0 34856
1 714 31 8 0 35440
2 700 63 148 0 34856
1 715 31 8 0 35744
2 701 63 148 0 34856
1 716 31 7 0 35744
2 702 63 148 0 34856
1 717 31 7 0 35744
2 703 63 148 0 35143
1 718 31 7 0 35744
2 704 63 148 0 35143
1 719 31 7 0 35744
2 705 63 148 0 35143
1 720 31 7 0 35744
2 706 63 148 0 35143
1 721 31 7 0 36050
2 707 63 148 0 35143
1 722 31 7 0 36050
2 708 63 148 0 35143
1 723 31 8 0 36050
2 709 63 148 0 35430
1 724 31 8 0 36050
2 710 63 148 0 35430
1 725 31 8 0 36050
2 711 63 148 0 35430
1 726 31 8 0 36050
2 712 63 148 0 35430
1 727 31 8 0 36356
2 713 63 148 0 35430
1 728 31 8 0 36356
2 714 63 148 0 35430
1 729 31 8 0 36356
2 715 63 148 0 35719
1 730 31 8 0 36356
2 716 63 148 0 35719
1 731 31 8 0 36356
2 717 63 148 0 35719
1 732 31 8 0 36356
2 718 63 148 0 35719
1 733 31 8 0 36660
2 719 63 148 0 35719
1 734 31 8 0 36660
2 720 63 148 0 36006
1 735 31 7 0 36660
2 721 63 148 0 36006
1 736 31 7 0 36660
2 722 63 148 0 36006
1 737 31 7 0 36660
2 723 63 148 0 36006
1 738 31 7 0 36660
2 724 63 148 0 36006
1 739 31 7 0 36965
2 725 63 148 0 36006
1 740 31 7 0 36965
2 726 63 148 1 36294
1 741 31 8 0 36965
2 727 63 148 0 36294
1 742 31 8 0 36965
2 728 63 148 0 36294
1 743 31 8 0 36965
2 729 63 148 0 36294
1 744 31 8 0 36965
2 730 63 148 0 36294
1 745 31 8 0 36965
2 731 63 148 0 36294
1 746 31 8 0 37270
2 732 63 148 0 36581
1 747 31 7 0 37270
2 733 63 148 0 36581
1 748 31 7 0 37270
2 734 63 148 0 36581
1 749 31 7 0 37270
2 735 63 148 0 36581
1 750 31 7 0 37270
2 736 63 148 0 36581
1 751 31 7 0 37270
2 737 63 148 0 36581
1 752 31 7 0 37575
2 738 63 148 0 36869
1 753 31 7 0 37575
2 739 63 148 0 36869
1 754 31 7 0 37575
2 740 63 148 0 36869
1 755 31 7 0 37575
2 741 63 148 0 36869
1 756 31 7 0 37575
2 742 63 148 0 36869
1 757 31 7 0 37575
2 743 63 148 0 37159
1 758 31 7 0 37880
2 744 63 148 0 37159
1 759 31 8 0 37880
2 745 63 148 0 37159
1 760 31 8 0 37880
2 746 63 148 0 37159
1 761 31 8 0 37880
2 747 63 148 0 37159
1 762 31 8 0 37880
2 748 63 148 0 37159
1 763 31 8 0 37880
2 749 63 148 0 37446
1 764 31 8 0 38185
2 750 63 148 0 37446
1 765 31 7 0 38185
2 751 63 148 0 37446
1 766 31 7 0 38185
2 752 63 148 0 37446
1 767 31 7 0 38185
2 753 63 148 0 37446
1 768 31 7 0 38185
2 754 63 148 0 37446
1 769 31 7 0 38185
2 755 63 148 0 37733
1 770 31 7 0 38490
2 756 63 148 0 37733
1 771 31 8 0 38490
2 757 63 148 0 37733
1 772 31 8 0 38490
2 758 63 148 0 37733
1 773 31 8 0 38490
2 759 63 148 0 37733
1 774 31 8 0 38490
2 760 63 148 0 37733
1 775 31 8 0 38490
2 761 63 148 0 38020
1 776 31 8 0 38794
2 762 63 148 0 38020
1 777 31 7 0 38794
2 763 63 148 0 38020
1 778 31 7 0 38794
2 764 63 148 0 38020
1 779 31 7 0 38794
2 765 63 148 0 38020
1 780 31 7 0 38794
2 766 63 148 0 38309
1 781 31 7 0 38794
2 767 63 148 0 38309
1 782 31 7 0 39099
2 768 63 148 0 38309
1 783 31 7 0 39099
2 769 63 148 0 38309
1 784 31 7 0 39099
2 770 63 148 0 38309
1 785 31 7 0 39099
2 771 63 148 0 38309
1 786 31 7 0 39099
2 772 63 148 0 38596
1 787 31 7 0 39099
2 773 63 148 0 38596
1 788 31 7 0 39405
2 774 63 148 0 38596
1 789 31 7 0 39405
2 775 63 148 0 38596
1 790 31 7 0 39405
2 776 63 148 0 38596
1 791 31 7 0 39405
2 777 63 148 0 38596
1 792 31 7 0 39405
2 778 63 148 0 38883
1 793 31 7 0 39405
2 779 63 148 0 38883
1 794 31 7 0 39710
2 780 63 148 0 38883
1 795 31 7 0 39710
2 781 63 148 0 38883
1 796 31 7 0 39710
2 782 63 148 0 38883
1 797 31 7 0 39710
2 783 63 148 0 38883
1 798 31 7 0 39710
2 784 63 148 0 39170
1 799 31 7 0 39710
2 785 63 148 0 39170
1 800 31 7 0 40015
2 786 63 148 0 39170
1 801 31 7 0 40015
2 787 63 148 0 39170
1 802 31 7 0 40015
2 788 63 148 0 39170
1 803 31 7 0 40015
2 789 63 148 0 39458
1 804 31 7 0 40015
2 790 63 148 0 39458
1 805 31 7 0 40015
2 791 63 148 0 39458
1 806 31 7 0 40015
2 792 63 148 0 39458
1 807 31 7 0 40320
2 793 63 148 0 39458
1 808 31 8 0 40320
2 794 63 148 0 39458
1 809 31 8 0 40320
2 795 63 148 0 39746
1 810 31 8 0 40320
2 796 63 148 0 39746
1 811 31 8 0 40320
2 797 63 148 0 39746
1 812 31 8 0 40320
2 798 63 148 0 39746
1 813 31 8 0 40628
2 799 63 148 0 39746
1 814 31 7 0 40628
2 800 63 148 0 39746
1 815 31 7 0 40628
2 801 63 148 0 40035
1 816 31 7 0 40628
2 802 63 148 0 40035
1 817 31 7 0 40628
2 803 63 148 0 40035
1 818 31 7 0 40628
2 804 63 148 0 40035
1 819 31 7 0 40934
2 805 63 148 0 40035
1 820 31 8 0 40934
2 806 63 148 0 40035
1 821 31 8 0 40934
2 807 63 148 0 40324
1 822 31 8 0 40934
2 808 63 148 0 40324
1 823 31 8 0 40934
2 809 63 148 0 40324
1 824 31 8 0 40934
2 810 63 148 0 40324
1 825 31 8 0 41238
2 811 63 148 0 40324
1 826 31 8 0 41238
2 812 63 148 0 40613
1 827 31 8 0 41238
2 813 63 148 0 40613
1 828 31 8 0 41238
2 814 63 148 0 40613
1 829 31 8 0 41238
2 815 63 148 0 40613
1 830 31 8 0 41238
2 816 63 148 0 40613
1 831 31 8 0 41544
2 817 63 148 0 40613
1 832 31 8 0 41544
2 818 63 148 0 40902
1 833 31 8 0 41544
2 819 63 148 0 40902
1 834 31 8 0 41544
2 820 63 148 0 40902
1 835 31 8 0 41544
2 821 63 148 0 40902
1 836 31 8 0 41544
2 822 63 148 0 40902
1 837 31 8 0 41850
2 823 63 148 0 40902
1 838 31 8 0 41850
2 824 63 148 0 41190
1 839 31 8 0 41850
2 825 63 148 0 41190
1 840 31 8 0 41850
2 826 63 148 0 41190
1 841 31 8 0 41850
2 827 63 148 0 41190
1 842 31 8 0 41850
2 828 63 148 0 41190
1 843 31 8 0 42155
2 829 63 148 0 41190
1 844 31 8 0 42155
2 830 63 148 0 41479
1 845 31 7 0 42155
2 831 63 148 0 41479
1 846 31 7 0 42155
2 832 63 148 0 41479
1 847 31 7 0 42155
2 833 63 148 0 41479
1 848 31 7 0 42155
2 834 63 148 0 41479
1 849 31 7 0 42461
2 835 63 148 0 41479
1 850 31 7 0 42461
2 836 63 148 0 41768
1 851 31 7 0 42461
2 837 63 148 0 41768
1 852 31 7 0 42461
2 838 63 148 0 41768
1 853 31 7 0 42461
2 839 63 148 0 41768
1 854 31 7 0 42461
2 840 63 148 0 41768
1 855 31 7 0 42461
2 841 63 148 0 42056
1 856 31 7 0 42766
2 842 63 148 0 42056
1 857 31 7 0 42766
2 843 63 148 0 42056
1 858 31 7 0 42766
2 844 63 148 0 42056
1 859 31 7 0 42766
2 845 63 148 0 42056
1 860 31 7 0 42766
2 846 63 148 0 42056
1 861 31 7 0 42766
2 847 63 148 0 42343
1 862 31 7 0 43075
2 848 63 148 0 42343
1 863 31 7 0 43075
2 849 63 148 0 42343
1 864 31 7 0 43075
2 850 63 148 0 42343
1 865 31 7 0 43075
2 851 63 148 0 42343
1 866 31 7 0 43075
2 852 63 148 0 42343
1 867 31 7 0 43075
2 853 63 148 0 42630
1 868 31 7 0 43381
2 854 63 148 0 42630
1 869 31 7 0 43381
2 855 63 148 0 42630
1 870 31 7 0 43381
2 856 63 148 0 42630
1 871 31 7 0 43381
2 857 63 148 0 42630
1 872 31 7 0 43381
2 858 63 148 0 42630
1 873 31 7 0 43381
2 859 63 148 0 42919
1 874 31 7 0 43687
2 860 63 148 0 42919
1 875 31 8 0 43687
2 861 63 148 0 42919
1 876 31 8 0 43687
2 862 63 148 0 42919
1 877 31 8 0 43687
2 863 63 148 0 42919
1 878 31 8 0 43687
2 864 63 148 0 43209
1 879 31 8 0 43687
2 865 63 148 0 43209
1 880 31 8 0 43993
2 866 63 148 0 43209
1 881 31 8 0 43993
2 867 63 148 0 43209
1 882 31 8 0 43993
2 868 63 148 0 43209
1 883 31 8 0 43993
2 869 63 148 0 43209
1 884 31 8 0 43993
2 870 63 148 0 43496
1 885 31 8 0 43993
2 871 63 148 0 43496
1 886 31 8 0 44298
2 872 63 148 0 43496
1 887 31 8 0 44298
2 873 63 148 0 43496
1 888 31 7 0 44298
2 874 63 148 0 43496
1 889 31 7 0 44298
2 875 63 148 0 43496
1 890 31 7 0 44298
2 876 63 148 0 43783
1 891 31 7 0 44298
2 877 63 148 0 43783
1 892 31 7 0 44605
2 878 63 148 0 43783
1 893 31 7 0 44605
2 879 63 148 0 43783
1 894 31 7 0 44605
2 880 63 148 0 43783
1 895 31 7 0 44605
2 881 63 148 0 43783
1 896 31 7 0 44605
2 882 63 148 0 44074
1 897 31 7 0 44605
2 883 63 148 0 44074
1 898 31 7 0 44909
2 884 63 148 0 44074
1 899 31 7 0 44909
2 885 63 148 0 44074
1 900 31 8 0 44909
2 886 63 148 0 44074
1 901 31 8 0 44909
2 887 63 148 0 44362
1 902 31 8 0 44909
2 888 63 148 0 44362
1 903 31 8 0 44909
2 889 63 148 0 44362
1 904 31 8 0 45214
2 890 63 148 0 44362
1 905 31 8 0 45214
2 891 63 148 0 44362
1 906 31 7 0 45214
2 892 63 148 0 44362
1 907 31 7 0 45214
2 893 63 148 0 44649
1 908 31 7 0 45214
2 894 63 148 0 44649
1 909 31 7 0 45214
2 895 63 148 0 44649
1 910 31 7 0 45214
2 896 63 148 0 44649
1 911 31 7 0 45520
2 897 63 148 0 44649
1 912 31 8 0 45520
2 898 63 148 0 44649
1 913 31 8 0 45520
2 899 63 148 0 44940
1 914 31 8 0 45520
2 900 63 148 0 44940
1 915 31 8 0 45520
2 901 63 148 0 44940
1 916 31 8 0 45520
2 902 63 148 0 44940
1 917 31 8 0 45824
2 903 63 148 0 44940
1 918 31 8 0 45824
2 904 63 148 0 44940
1 919 31 8 0 45824
2 905 63 148 0 45229
1 920 31 8 0 45824
2 906 63 148 0 45229
1 921 31 8 0 45824
2 907 63 148 0 45229
1 922 31 8 0 45824
2 908 63 148 0 45229
1 923 31 8 0 46131
2 909 63 148 0 45229
1 924 31 8 0 46131
2 910 63 148 0 45229
1 925 31 8 0 46131
2 911 63 148 0 45516
1 926 31 8 0 46131
2 912 63 148 0 45516
1 927 31 8 0 46131
2 913 63 148 0 45516
1 928 31 8 0 46131
2 914 63 148 0 45516
1 929 31 8 0 46436
2 915 63 148 0 45516
1 930 31 7 0 46436
2 916 63 148 0 45808
1 931 31 7 0 46436
2 917 63 148 0 45808
1 932 31 7 0 46436
2 918 63 148 0 45808
1 933 31 7 0 46436
2 919 63 148 0 45808
1 934 31 7 0 46436
2 920 63 148 0 45808
1 935 31 7 0 46743
2 921 63 148 0 45808
1 936 31 8 0 46743
2 922 63 148 0 46095
1 937 31 8 0 46743
2 923 63 148 0 46095
1 938 31 8 0 46743
2 924 63 148 0 46095
1 939 31 8 0 46743
2 925 63 148 0 46095
1 940 31 8 0 46743
2 926 63 148 0 46095
1 941 31 8 0 47050
2 927 63 148 0 46095
1 942 31 8 0 47050
2 928 63 148 0 46383
1 943 31 7 0 47050
2 929 63 148 0 46383
1 944 31 7 0 47050
2 930 63 148 0 46383
1 945 31 7 0 47050
2 931 63 148 0 46383
1 946 31 7 0 47050
2 932 63 148 0 46383
1 947 31 7 0 47355
2 933 63 148 0 46383
1 948 31 7 0 47355
2 934 63 148 0 46670
1 949 31 8 0 47355
2 935 63 148 0 46670
1 950 31 8 0 47355
2 936 63 148 0 46670
1 951 31 8 0 47355
2 937 63 148 0 46670
1 952 31 8 0 47355
2 938 63 148 0 46670
1 953 31 8 0 47659
2 939 63 148 0 46960
1 954 31 8 0 47659
2 940 63 148 0 46960
1 955 31 8 0 47659
2 941 63 148 0 46960
1 956 31 8 0 47659
2 942 63 148 0 46960
1 957 31 8 0 47659
2 943 63 148 0 46960
1 958 31 8 0 47659
2 944 63 148 0 46960
1 959 31 8 0 47964
2 945 63 148 0 47247
1 960 31 8 0 47964
2 946 63 148 0 47247
1 961 31 8 0 47964
2 947 63 148 0 47247
1 962 31 8 0 47964
2 948 63 148 0 47247
1 963 31 8 0 47964
2 949 63 148 0 47247
1 964 31 8 0 47964
2 950 63 148 0 47247
1 965 31 8 0 47964
2 951 63 148 0 47534
1 966 31 8 0 48269
2 952 63 148 0 47534
1 967 31 7 0 48269
2 953 63 148 0 47534
1 968 31 7 0 48269
2 954 63 148 0 47534
1 969 31 7 0 48269
2 955 63 148 0 47534
1 970 31 7 0 48269
2 956 63 148 0 47534
1 971 31 7 0 48269
2 957 63 148 0 47823
1 972 31 7 0 48574
2 958 63 148 0 47823
1 973 31 8 0 48574
2 959 63 148 0 47823
1 974 31 8 0 48574
2 960 63 148 0 47823
1 975 31 8 0 48574
2 961 63 148 0 47823
1 976 31 8 0 48574
2 962 63 148 0 48110
1 977 31 8 0 48574
2 963 63 148 0 48110
1 978 31 8 0 48881
2 964 63 148 0 48110
1 979 31 8 0 48881
2 965 63 148 0 48110
1 980 31 8 0 48881
2 966 63 148 0 48110
1 981 31 8 0 48881
2 967 63 148 0 48110
1 982 31 8 0 48881
2 968 63 148 0 48397
1 983 31 8 0 48881
2 969 63 148 0 48397
1 984 31 8 0 49185
2 970 63 148 0 48397
1 985 31 8 0 49185
2 971 63 148 0 48397
1 986 31 8 0 49185
2 972 63 148 0 48397
1 987 31 8 0 49185
2 973 63 148 0 48397
1 988 31 8 0 49185
2 974 63 148 0 48684
1 989 31 8 0 49185
2 975 63 148 0 48684
1 990 31 8 0 49489
2 976 63 148 0 48684
1 991 31 8 0 49489
2 977 63 148 0 48684
1 992 31 8 0 49489
2 978 63 148 0 48684
1 993 31 8 0 49489
2 979 63 148 0 48684
1 994 31 8 0 49489
2 980 63 148 0 48973
1 995 31 8 0 49489
2 981 63 148 0 48973
1 996 31 8 0 49796
2 982 63 148 0 48973
1 997 31 8 0 49796
2 983 63 148 0 48973
1 998 31 8 0 49796
2 984 63 148 0 48973
1 999 31 8 0 49796
2 985 63 148 0 49261
1 1000 31 8 0 49796
2 986 63 148 0 49261
1 1001 31 8 0 49796
2 987 63 148 1 49261
1 1002 31 8 0 50104
2 988 63 148 0 49261
1 1003 31 8 0 50104
2 989 63 148 0 49261
1 1004 31 8 0 50104
2 990 63 148 0 49261
1 1005 31 8 0 50104
2 991 63 148 0 49548
1 1006 31 8 0 50104
2 992 63 148 0 49548
1 1007 31 8 0 50104
2 993 63 148 0 49548
1 1008 31 8 0 50408
2 994 63 148 0 49548
1 1009 31 8 0 50408
2 995 63 148 0 49548
1 1010 31 7 0 50408
2 996 63 148 0 49548
1 1011 31 7 0 50408
2 997 63 148 0 49835
1 1012 31 7 0 50408
2 998 63 148 0 49835
1 1013 31 7 0 50408
2 999 63 148 0 49835
1 1014 31 7 0 50714
2 1000 63 148 0 49835
1 1015 31 7 0 50714
2 1001 63 148 0 49835
1 1016 31 8 0 50714
2 1002 63 148 0 49835
1 1017 31 8 0 50714
2 1003 63 148 0 50122
1 1018 31 8 0 50714
2 1004 63 148 0 50122
1 1019 31 8 0 50714
2 1005 63 148 0 50122
1 1020 31 8 0 50714
2 1006 63 148 0 50122
1 1021 31 8 0 51019
2 1007 63 148 0 50122
1 1022 31 8 0 51019
2 1008 63 148 0 50410
1 1023 31 8 0 51019
2 1009 63 148 0 50410
1 1024 31 8 0 51019
2 1010 63 148 0 50410
1 1025 31 8 0 51019
2 1011 63 148 0 50410
1 1026 31 8 0 51019
2 1012 63 148 0 50410
1 1027 31 8 0 51323
2 1013 63 148 0 50410
1 1028 31 8 0 51323
2 1014 63 148 0 50697
1 1029 31 8 0 51323
2 1015 63 148 0 50697
1 1030 31 8 0 51323
2 1016 63 148 0 50697
1 1031 31 8 0 51323
2 1017 63 148 0 50697
1 1032 31 8 0 51323
2 1018 63 148 0 50697
1 1033 31 8 0 51629
2 1019 63 148 0 50697
1 1034 31 8 0 51629
2 1020 63 148 0 50984
1 1035 31 8 0 51629
2 1021 63 148 0 50984
1 1036 31 8 0 51629
2 1022 63 148 0 50984
1 1037 31 8 0 51629
2 1023 63 148 0 50984
1 1038 31 8 0 51629
2 1024 63 148 0 50984
1 1039 31 8 0 51936
2 1025 63 148 0 50984
1 1040 31 8 0 51936
2 1026 63 148 0 51271
1 1041 31 8 0 51936
2 1027 63 148 0 51271
1 1042 31 8 0 51936
2 1028 63 148 0 51271
1 1043 31 8 0 51936
2 1029 63 148 0 51271
1 1044 31 8 0 51936
2 1030 63 148 0 51271
1 1045 31 8 0 52243
2 1031 63 148 0 51561
1 1046 31 8 0 52243
2 1032 63 148 0 51561
1 1047 31 8 0 52243
2 1033 63 148 0 51561
1 1048 31 8 0 52243
2 1034 63 148 0 51561
1 1049 31 8 0 52243
2 1035 63 148 0 51561
1 1050 31 8 0 52243
2 1036 63 148 0 51561
1 1051 31 8 0 52549
2 1037 63 148 0 51848
1 1052 31 8 0 52549
2 1038 63 148 0 51848
1 1053 31 8 0 52549
2 1039 63 148 0 51848
1 1054 31 8 0 52549
2 1040 63 148 0 51848
1 1055 31 8 0 52549
2 1041 63 148 0 51848
1 1056 31 8 0 52549
2 1042 63 148 0 51848
1 1057 31 8 0 52855
2 1043 63 148 0 52136
1 1058 31 8 0 52855
2 1044 63 148 0 52136
1 1059 31 8 0 52855
2 1045 63 148 0 52136
1 1060 31 8 0 52855
2 1046 63 148 0 52136
1 1061 31 8 0 52855
2 1047 63 148 0 52136
1 1062 31 8 0 52855
2 1048 63 148 0 52136
1 1063 31 8 0 53159
2 1049 63 148 0 52425
1 1064 31 8 0 53159
2 1050 63 148 0 52425
1 1065 31 8 0 53159
2 1051 63 148 0 52425
1 1066 31 8 0 53159
2 1052 63 148 0 52425
1 1067 31 8 0 53159
2 1053 63 148 0 52425
1 1068 31 8 0 53159
2 1054 63 148 0 52712
1 1069 31 8 0 53464
2 1055 63 148 0 52712
1 1070 31 8 0 53464
2 1056 63 148 0 52712
1 1071 31 7 0 53464
2 1057 63 148 0 52712
1 1072 31 7 0 53464
2 1058 63 148 0 52712
1 1073 31 7 0 53464
2 1059 63 148 0 52712
1 1074 31 7 0 53464
2 1060 63 148 0 52999
1 1075 31 7 0 53464
2 1061 63 148 0 52999
1 1076 31 7 0 53769
2 1062 63 148 0 52999
1 1077 31 8 0 53769
2 1063 63 148 0 52999
1 1078 31 8 0 53769
2 1064 63 148 0 52999
1 1079 31 8 0 53769
2 1065 63 148 0 52999
1 1080 31 8 0 53769
1 1081 31 8 0 53769
2 1067 63 148 0 53288
1 1082 31 8 0 54073
2 1066 63 148 0 53288
1 1083 31 8 0 54073
2 1069 63 148 0 53288
1 1084 31 8 0 54073
2 1068 63 148 0 53288
2 1070 63 148 0 53288
1 1085 31 8 0 54073
2 1071 63 148 0 53288
1 1086 31 8 0 54073
2 1072 63 148 0 53575
1 1087 31 8 0 54073
2 1073 63 148 0 53575
1 1088 31 8 0 54377
2 1074 63 148 0 53575
1 1089 31 8 0 54377
2 1075 63 148 0 53575
1 1090 31 8 0 54377
2 1076 63 148 0 53575
1 1091 31 8 0 54377
2 1077 63 148 0 53862
1 1092 31 8 0 54377
2 1078 63 148 0 53862
1 1093 31 8 0 54377
2 1079 63 148 0 53862
1 1094 31 8 0 54683
2 1080 63 148 0 53862
1 1095 31 8 0 54683
2 1081 63 148 0 53862
1 1096 31 8 0 54683
2 1082 63 148 0 53862
1 1097 31 8 0 54683
2 1083 63 148 0 54149
1 1098 31 8 0 54683
2 1084 63 148 0 54149
1 1099 31 8 0 54683
2 1085 63 148 0 54149
1 1100 31 8 0 54988
2 1086 63 148 0 54149
1 1101 31 8 0 54988
2 1087 63 148 0 54149
1 1102 31 8 0 54988
2 1088 63 148 0 54149
1 1103 31 8 0 54988
2 1089 63 148 0 54436
1 1104 31 8 0 54988
2 1090 63 148 0 54436
1 1105 31 8 0 54988
2 1091 63 148 0 54436
1 1106 31 8 0 55295
2 1092 63 148 0 54436
1 1107 31 8 0 55295
2 1093 63 148 0 54436
1 1108 31 8 0 55295
2 1094 63 148 0 54436
1 1109 31 8 0 55295
2 1095 63 148 0 54725
1 1110 31 8 0 55295
2 1096 63 148 0 54725
1 1111 31 8 0 55295
2 1097 63 148 0 54725
1 1112 31 8 0 55602
2 1098 63 148 0 54725
1 1113 31 8 0 55602
2 1099 63 148 0 54725
1 1114 31 8 0 55602
2 1100 63 148 0 55013
1 1115 31 8 0 55602
2 1101 63 148 0 55013
1 1116 31 8 0 55602
2 1102 63 148 0 55013
1 1117 31 8 0 55602
2 1103 63 148 0 55013
1 1118 31 8 0 55907
2 1104 63 148 0 55013
1 1119 31 8 0 55907
2 1105 63 148 0 55013
1 1120 31 7 0 55907
2 1106 63 148 0 55300
1 1121 31 7 0 55907
2 1107 63 148 0 55300
1 1122 31 7 0 55907
2 1108 63 148 0 55300
1 1123 31 7 0 55907
2 1109 63 148 0 55300
1 1124 31 7 0 56211
2 1110 63 148 0 55300
1 1125 31 7 0 56211
2 1111 63 148 0 55300
1 1126 31 8 0 56211
2 1112 63 148 0 55590
1 1127 31 8 0 56211
2 1113 63 148 0 55590
1 1128 31 8 0 56211
2 1114 63 148 0 55590
1 1129 31 8 0 56211
2 1115 63 148 0 55590
1 1130 31 8 0 56211
2 1116 63 148 0 55590
1 1131 31 8 0 56516
2 1117 63 148 0 55590
1 1132 31 8 0 56516
2 1118 63 148 0 55879
1 1133 31 8 0 56516
2 1119 63 148 0 55879
1 1134 31 8 0 56516
2 1120 63 148 0 55879
1 1135 31 8 0 56516
2 1121 63 148 0 55879
1 1136 31 8 0 56516
2 1122 63 148 0 55879
1 1137 31 8 0 56823
2 1123 63 148 0 55879
1 1138 31 8 0 56823
2 1124 63 148 0 56166
1 1139 31 8 0 56823
2 1125 63 148 0 56166
1 1140 31 8 0 56823
2 1126 63 148 0 56166
1 1141 31 8 0 56823
2 1127 63 148 0 56166
1 1142 31 8 0 56823
2 1128 63 148 0 56166
1 1143 31 8 0 57128
2 1129 63 148 0 56458
1 1144 31 8 0 57128
2 1130 63 148 0 56458
1 1145 31 8 0 57128
2 1131 63 148 0 56458
1 1146 31 8 0 57128
2 1132 63 148 0 56458
1 1147 31 8 0 57128
2 1133 63 148 0 56458
1 1148 31 8 0 57128
2 1134 63 148 0 56458
1 1149 31 8 0 57433
2 1135 63 148 0 56746
1 1150 31 8 0 57433
2 1136 63 148 0 56746
1 1151 31 8 0 57433
2 1137 63 148 0 56746
1 1152 31 8 0 57433
2 1138 63 148 1 56746
1 1153 31 8 0 57433
2 1139 63 148 0 56746
1 1154 31 8 0 57433
2 1140 63 148 0 56746
1 1155 31 8 0 57737
2 1141 63 148 0 57035
1 1156 31 8 0 57737
2 1142 63 148 0 57035
1 1157 31 8 0 57737
2 1143 63 148 0 57035
1 1158 31 8 0 57737
2 1144 63 148 0 57035
1 1159 31 8 0 57737
2 1145 63 148 0 57035
1 1160 31 8 0 57737
2 1146 63 148 0 57035
1 1161 31 8 0 58042
2 1147 63 148 0 57322
1 1162 31 8 0 58042
2 1148 63 148 0 57322
1 1163 31 8 0 58042
2 1149 63 148 0 57322
1 1164 31 8 0 58042
2 1150 63 148 0 57322
1 1165 31 8 0 58042
2 1151 63 148 0 57322
1 1166 31 8 0 58042
2 1152 63 148 0 57610
1 1167 31 8 0 58347
2 1153 63 148 0 57610
1 1168 31 8 0 58347
2 1154 63 148 0 57610
1 1169 31 8 0 58347
2 1155 63 148 0 57610
1 1170 31 8 0 58347
2 1156 63 148 0 57610
1 1171 31 8 0 58347
2 1157 63 148 0 57610
1 1172 31 8 0 58347
2 1158 63 148 0 57897
1 1173 31 8 0 58655
2 1159 63 148 0 57897
1 1174 31 8 0 58655
2 1160 63 148 0 57897
1 1175 31 8 0 58655
2 1161 63 148 0 57897
1 1176 31 8 0 58655
2 1162 63 148 0 57897
1 1177 31 8 0 58655
2 1163 63 148 0 57897
1 1178 31 8 0 58655
2 1164 63 148 0 58184
1 1179 31 8 0 58959
2 1165 63 148 0 58184
1 1180 31 8 0 58959
2 1166 63 148 0 58184
1 1181 31 8 0 58959
2 1167 63 148 0 58184
1 1182 31 8 0 58959
2 1168 63 148 0 58184
1 1183 31 8 0 58959
2 1169 63 148 0 58184
1 1184 31 8 0 58959
2 1170 63 148 0 58473
1 1185 31 8 0 59264
2 1171 63 148 0 58473
1 1186 31 8 0 59264
2 1172 63 148 0 58473
1 1187 31 8 0 59264
2 1173 63 148 0 58473
1 1188 31 8 0 59264
2 1174 63 148 0 58473
1 1189 31 8 0 59264
2 1175 63 148 0 58760
1 1190 31 8 0 59264
2 1176 63 148 0 58760
1 1191 31 8 0 59264
2 1177 63 148 0 58760
1 1192 31 8 0 59569
2 1178 63 148 0 58760
1 1193 31 8 0 59569
2 1179 63 148 0 58760
1 1194 31 8 0 59569
2 1180 63 148 0 58760
1 1195 31 8 0 59569
2 1181 63 148 0 59048
1 1196 31 8 0 59569
2 1182 63 148 0 59048
1 1197 31 8 0 59569
2 1183 63 148 0 59048
1 1198 31 8 0 59873
2 1184 63 148 0 59048
1 1199 31 8 0 59873
2 1185 63 148 0 59048
1 1200 31 8 0 59873
2 1186 63 148 0 59048
1 1201 31 8 0 59873
2 1187 63 148 0 59335
1 1202 31 8 0 59873
2 1188 63 148 0 59335
1 1203 31 8 0 59873
2 1189 63 148 0 59335
1 1204 31 8 0 60178
2 1190 63 148 0 59335
1 1205 31 8 0 60178
2 1191 63 148 0 59335
1 1206 31 8 0 60178
2 1192 63 148 0 59335
1 1207 31 8 0 60178
2 1193 63 148 0 59625
1 1208 31 8 0 60178
2 1194 63 148 0 59625
1 1209 31 8 0 60178
2 1195 63 148 0 59625
1 1210 31 8 0 60485
2 1196 63 148 0 59625
1 1211 31 8 0 60485
2 1197 63 148 0 59625
1 1212 31 8 0 60485
2 1198 63 148 0 59914
1 1213 31 8 0 60485
2 1199 63 148 0 59914
1 1214 31 8 0 60485
2 1200 63 148 0 59914
